"UMC","retrieval_date","euctr_name","total_unreported","total_reported","total_due","not_yet_due_trials","inconsistent_trials","total_trials"
"Mannheim","2021-03-06","central-institute-of-mental-health-in-mannheim",1,0,1,9,0,10
"Berlin","2021-03-06","charite-universitatsmedizin-berlin",32,45,77,85,36,198
"Dresden","2021-03-06","dresden-university-of-technology",5,16,21,22,5,48
"Jena","2021-03-06","friedrich-schiller-university-jena",4,4,8,10,3,21
"Frankfurt","2021-03-06","goethe-university",9,1,10,32,3,45
"Hannover","2021-03-06","hannover-medical-school",23,6,29,12,13,54
"Heidelberg","2021-03-06","heidelberg-university-hospital",11,17,28,26,5,59
"Düsseldorf","2021-03-06","heinrich-heine-university-dusseldorf",1,4,5,4,4,13
"Mainz","2021-03-06","johannes-gutenberg-university-of-mainz",16,13,29,14,7,50
"Würzburg","2021-03-06","julius-maximilian-university-of-wurzburg",7,1,8,13,6,27
"Leipzig","2021-03-06","leipzig-university",2,23,25,11,2,38
"Halle-Wittenberg","2021-03-06","martin-luther-university-halle-wittenberg",11,1,12,15,3,30
"Greifswald","2021-03-06","medical-university-greifswald",0,0,0,5,2,7
"Magdeburg","2021-03-06","otto-von-guericke-university-magdeburg",9,0,9,8,7,24
"Marburg","2021-03-06","philipps-university-marburg",3,4,7,7,3,17
"Bochum","2021-03-06","ruhr-university-bochum",4,0,4,10,1,15
"Aachen","2021-03-06","rwth-aachen-university",13,2,15,20,10,45
"Homburg","2021-03-06","saarland-university",2,0,2,8,0,10
"Schleswig-Holstein","2021-03-06","schleswig-holstein-university-hospital",9,0,9,14,5,28
"TU-München","2021-03-06","technical-university-of-munich",3,28,31,24,11,66
"Rostock","2021-03-06","universitat-rostock",1,0,1,2,0,3
"Duisburg-Essen","2021-03-06","university-duisburg-essen",12,1,13,15,5,33
"Erlangen","2021-03-06","university-erlangen-nuremberg",10,14,24,31,3,58
"Tübingen","2021-03-06","university-hospital-tubingen",14,3,17,36,8,61
"Bonn","2021-03-06","university-of-bonn",14,0,14,8,4,26
"Köln","2021-03-06","university-of-cologne",8,25,33,32,7,72
"Freiburg","2021-03-06","university-of-freiburg",5,15,20,24,2,46
"Giessen","2021-03-06","university-of-giessen",2,1,3,5,2,10
"Göttingen","2021-03-06","university-of-gottingen",10,3,13,6,5,24
"Hamburg","2021-03-06","university-of-hamburg",10,9,19,27,3,49
"LMU-München","2021-03-06","university-of-munich-ludwig-maximilians",32,5,37,36,5,78
"Münster","2021-03-06","university-of-munster",5,17,22,11,3,36
"Regensburg","2021-03-06","university-of-regensburg",7,2,9,14,5,28
"Ulm","2021-03-06","university-of-ulm",7,7,14,27,4,45
"Witten/Herdecke","2021-03-06","university-of-wittenherdecke",0,0,0,5,1,6
"Mannheim","2021-04-01","central-institute-of-mental-health-in-mannheim",1,0,1,9,0,10
"Berlin","2021-04-01","charite-universitatsmedizin-berlin",32,45,77,80,40,197
"Dresden","2021-04-01","dresden-university-of-technology",5,16,21,22,5,48
"Jena","2021-04-01","friedrich-schiller-university-jena",4,4,8,10,3,21
"Frankfurt","2021-04-01","goethe-university",10,1,11,31,3,45
"Hannover","2021-04-01","hannover-medical-school",23,6,29,12,13,54
"Heidelberg","2021-04-01","heidelberg-university-hospital",10,19,29,26,5,60
"Düsseldorf","2021-04-01","heinrich-heine-university-dusseldorf",1,4,5,4,4,13
"Mainz","2021-04-01","johannes-gutenberg-university-of-mainz",16,13,29,14,7,50
"Würzburg","2021-04-01","julius-maximilian-university-of-wurzburg",7,1,8,13,6,27
"Leipzig","2021-04-01","leipzig-university",2,23,25,11,2,38
"Halle-Wittenberg","2021-04-01","martin-luther-university-halle-wittenberg",11,1,12,15,3,30
"Greifswald","2021-04-01","medical-university-greifswald",0,0,0,5,2,7
"Magdeburg","2021-04-01","otto-von-guericke-university-magdeburg",0,9,9,8,7,24
"Marburg","2021-04-01","philipps-university-marburg",3,4,7,7,3,17
"Bochum","2021-04-01","ruhr-university-bochum",4,0,4,10,1,15
"Aachen","2021-04-01","rwth-aachen-university",13,2,15,19,11,45
"Homburg","2021-04-01","saarland-university",2,0,2,8,0,10
"Schleswig-Holstein","2021-04-01","schleswig-holstein-university-hospital",9,0,9,15,5,29
"TU-München","2021-04-01","technical-university-of-munich",3,28,31,25,11,67
"Rostock","2021-04-01","universitat-rostock",1,0,1,2,0,3
"Duisburg-Essen","2021-04-01","university-duisburg-essen",12,1,13,15,5,33
"Erlangen","2021-04-01","university-erlangen-nuremberg",10,14,24,31,3,58
"Tübingen","2021-04-01","university-hospital-tubingen",14,3,17,37,8,62
"Bonn","2021-04-01","university-of-bonn",14,0,14,9,4,27
"Köln","2021-04-01","university-of-cologne",8,28,36,30,6,72
"Freiburg","2021-04-01","university-of-freiburg",5,15,20,27,2,49
"Giessen","2021-04-01","university-of-giessen",2,1,3,5,2,10
"Göttingen","2021-04-01","university-of-gottingen",10,5,15,6,3,24
"Hamburg","2021-04-01","university-of-hamburg",10,9,19,28,3,50
"LMU-München","2021-04-01","university-of-munich-ludwig-maximilians",32,5,37,36,5,78
"Münster","2021-04-01","university-of-munster",5,17,22,11,3,36
"Regensburg","2021-04-01","university-of-regensburg",7,2,9,14,5,28
"Ulm","2021-04-01","university-of-ulm",7,8,15,26,4,45
"Witten/Herdecke","2021-04-01","university-of-wittenherdecke",0,0,0,5,1,6
"Mannheim","2021-05-04","central-institute-of-mental-health-in-mannheim",1,0,1,9,0,10
"Berlin","2021-05-04","charite-universitatsmedizin-berlin",34,46,80,77,41,198
"Dresden","2021-05-04","dresden-university-of-technology",6,16,22,21,5,48
"Jena","2021-05-04","friedrich-schiller-university-jena",4,4,8,10,3,21
"Frankfurt","2021-05-04","goethe-university",10,1,11,31,3,45
"Hannover","2021-05-04","hannover-medical-school",25,6,31,9,14,54
"Heidelberg","2021-05-04","heidelberg-university-hospital",10,20,30,25,5,60
"Düsseldorf","2021-05-04","heinrich-heine-university-dusseldorf",1,4,5,4,4,13
"Mainz","2021-05-04","johannes-gutenberg-university-of-mainz",17,13,30,13,7,50
"Würzburg","2021-05-04","julius-maximilian-university-of-wurzburg",7,1,8,13,6,27
"Leipzig","2021-05-04","leipzig-university",3,23,26,10,2,38
"Halle-Wittenberg","2021-05-04","martin-luther-university-halle-wittenberg",11,1,12,15,3,30
"Greifswald","2021-05-04","medical-university-greifswald",0,0,0,5,2,7
"Magdeburg","2021-05-04","otto-von-guericke-university-magdeburg",0,9,9,8,7,24
"Marburg","2021-05-04","philipps-university-marburg",3,4,7,7,3,17
"Bochum","2021-05-04","ruhr-university-bochum",4,0,4,10,1,15
"Aachen","2021-05-04","rwth-aachen-university",13,2,15,19,11,45
"Homburg","2021-05-04","saarland-university",2,0,2,8,0,10
"Schleswig-Holstein","2021-05-04","schleswig-holstein-university-hospital",9,0,9,15,5,29
"TU-München","2021-05-04","technical-university-of-munich",2,30,32,24,11,67
"Rostock","2021-05-04","universitat-rostock",1,0,1,2,0,3
"Duisburg-Essen","2021-05-04","university-duisburg-essen",12,1,13,16,5,34
"Erlangen","2021-05-04","university-erlangen-nuremberg",10,14,24,31,3,58
"Tübingen","2021-05-04","university-hospital-tubingen",14,3,17,37,8,62
"Bonn","2021-05-04","university-of-bonn",14,0,14,9,4,27
"Köln","2021-05-04","university-of-cologne",7,30,37,30,5,72
"Freiburg","2021-05-04","university-of-freiburg",6,15,21,26,2,49
"Giessen","2021-05-04","university-of-giessen",2,1,3,5,2,10
"Göttingen","2021-05-04","university-of-gottingen",11,5,16,6,3,25
"Hamburg","2021-05-04","university-of-hamburg",10,11,21,28,2,51
"LMU-München","2021-05-04","university-of-munich-ludwig-maximilians",35,5,40,33,5,78
"Münster","2021-05-04","university-of-munster",5,17,22,11,3,36
"Regensburg","2021-05-04","university-of-regensburg",8,2,10,13,5,28
"Ulm","2021-05-04","university-of-ulm",7,8,15,26,4,45
"Witten/Herdecke","2021-05-04","university-of-wittenherdecke",0,0,0,5,1,6
"Mannheim","2021-06-02","central-institute-of-mental-health-in-mannheim",0,0,0,4,0,4
"Berlin","2021-06-02","charite-universitatsmedizin-berlin",11,22,33,30,9,72
"Dresden","2021-06-02","dresden-university-of-technology",2,4,6,7,2,15
"Jena","2021-06-02","friedrich-schiller-university-jena",3,2,5,2,1,8
"Frankfurt","2021-06-02","goethe-university",5,1,6,10,2,18
"Hannover","2021-06-02","hannover-medical-school",14,3,17,3,5,25
"Heidelberg","2021-06-02","heidelberg-university-hospital",5,7,12,7,2,21
"Düsseldorf","2021-06-02","heinrich-heine-university-dusseldorf",0,0,0,1,1,2
"Mainz","2021-06-02","johannes-gutenberg-university-of-mainz",7,5,12,4,2,18
"Würzburg","2021-06-02","julius-maximilian-university-of-wurzburg",4,1,5,6,1,12
"Leipzig","2021-06-02","leipzig-university",2,6,8,4,0,12
"Halle-Wittenberg","2021-06-02","martin-luther-university-halle-wittenberg",4,0,4,4,2,10
"Greifswald","2021-06-02","medical-university-greifswald",0,0,0,4,1,5
"Magdeburg","2021-06-02","otto-von-guericke-university-magdeburg",0,0,0,1,1,2
"Marburg","2021-06-02","philipps-university-marburg",1,1,2,1,1,4
"Bochum","2021-06-02","ruhr-university-bochum",2,0,2,3,1,6
"Aachen","2021-06-02","rwth-aachen-university",3,0,3,10,3,16
"Homburg","2021-06-02","saarland-university",0,0,0,1,0,1
"Schleswig-Holstein","2021-06-02","schleswig-holstein-university-hospital",3,0,3,6,2,11
"TU-München","2021-06-02","technical-university-of-munich",1,10,11,6,4,21
"Rostock","2021-06-02","universitat-rostock",1,0,1,2,0,3
"Duisburg-Essen","2021-06-02","university-duisburg-essen",2,0,2,8,2,12
"Erlangen","2021-06-02","university-erlangen-nuremberg",5,5,10,9,1,20
"Tübingen","2021-06-02","university-hospital-tubingen",5,0,5,15,3,23
"Bonn","2021-06-02","university-of-bonn",4,0,4,1,1,6
"Köln","2021-06-02","university-of-cologne",2,12,14,10,0,24
"Freiburg","2021-06-02","university-of-freiburg",3,4,7,9,1,17
"Giessen","2021-06-02","university-of-giessen",1,1,2,2,0,4
"Göttingen","2021-06-02","university-of-gottingen",4,1,5,3,2,10
"Hamburg","2021-06-02","university-of-hamburg",2,3,5,14,2,21
"LMU-München","2021-06-02","university-of-munich-ludwig-maximilians",13,2,15,12,2,29
"Münster","2021-06-02","university-of-munster",3,8,11,3,0,14
"Regensburg","2021-06-02","university-of-regensburg",3,1,4,2,0,6
"Ulm","2021-06-02","university-of-ulm",1,5,6,10,1,17
"Witten/Herdecke","2021-06-02","university-of-wittenherdecke",0,0,0,2,1,3
"Mannheim","2021-06-03","central-institute-of-mental-health-in-mannheim",1,0,1,9,0,10
"Berlin","2021-06-03","charite-universitatsmedizin-berlin",34,46,80,77,41,198
"Dresden","2021-06-03","dresden-university-of-technology",6,16,22,21,5,48
"Jena","2021-06-03","friedrich-schiller-university-jena",4,4,8,10,3,21
"Frankfurt","2021-06-03","goethe-university",10,1,11,31,3,45
"Hannover","2021-06-03","hannover-medical-school",25,6,31,9,14,54
"Heidelberg","2021-06-03","heidelberg-university-hospital",10,20,30,25,5,60
"Düsseldorf","2021-06-03","heinrich-heine-university-dusseldorf",1,4,5,4,4,13
"Mainz","2021-06-03","johannes-gutenberg-university-of-mainz",17,13,30,13,7,50
"Würzburg","2021-06-03","julius-maximilian-university-of-wurzburg",7,1,8,13,6,27
"Leipzig","2021-06-03","leipzig-university",3,23,26,10,2,38
"Halle-Wittenberg","2021-06-03","martin-luther-university-halle-wittenberg",11,1,12,15,3,30
"Greifswald","2021-06-03","medical-university-greifswald",0,0,0,5,2,7
"Magdeburg","2021-06-03","otto-von-guericke-university-magdeburg",0,9,9,8,7,24
"Marburg","2021-06-03","philipps-university-marburg",3,4,7,7,3,17
"Bochum","2021-06-03","ruhr-university-bochum",4,0,4,10,1,15
"Aachen","2021-06-03","rwth-aachen-university",13,2,15,19,11,45
"Homburg","2021-06-03","saarland-university",2,0,2,8,0,10
"Schleswig-Holstein","2021-06-03","schleswig-holstein-university-hospital",9,0,9,15,5,29
"TU-München","2021-06-03","technical-university-of-munich",2,30,32,24,11,67
"Rostock","2021-06-03","universitat-rostock",1,0,1,2,0,3
"Duisburg-Essen","2021-06-03","university-duisburg-essen",12,1,13,16,5,34
"Erlangen","2021-06-03","university-erlangen-nuremberg",10,14,24,31,3,58
"Tübingen","2021-06-03","university-hospital-tubingen",14,3,17,37,8,62
"Bonn","2021-06-03","university-of-bonn",14,0,14,9,4,27
"Köln","2021-06-03","university-of-cologne",7,30,37,30,5,72
"Freiburg","2021-06-03","university-of-freiburg",6,15,21,26,2,49
"Giessen","2021-06-03","university-of-giessen",2,1,3,5,2,10
"Göttingen","2021-06-03","university-of-gottingen",11,5,16,6,3,25
"Hamburg","2021-06-03","university-of-hamburg",10,11,21,28,2,51
"LMU-München","2021-06-03","university-of-munich-ludwig-maximilians",35,5,40,33,5,78
"Münster","2021-06-03","university-of-munster",5,17,22,11,3,36
"Regensburg","2021-06-03","university-of-regensburg",8,2,10,13,5,28
"Ulm","2021-06-03","university-of-ulm",7,8,15,26,4,45
"Witten/Herdecke","2021-06-03","university-of-wittenherdecke",0,0,0,5,1,6
"Mannheim","2021-06-06","central-institute-of-mental-health-in-mannheim",1,0,1,9,0,10
"Berlin","2021-06-06","charite-universitatsmedizin-berlin",31,50,81,80,40,201
"Dresden","2021-06-06","dresden-university-of-technology",7,17,24,19,5,48
"Jena","2021-06-06","friedrich-schiller-university-jena",4,4,8,11,3,22
"Frankfurt","2021-06-06","goethe-university",10,1,11,31,3,45
"Hannover","2021-06-06","hannover-medical-school",25,6,31,9,14,54
"Heidelberg","2021-06-06","heidelberg-university-hospital",10,20,30,25,5,60
"Düsseldorf","2021-06-06","heinrich-heine-university-dusseldorf",1,4,5,4,4,13
"Mainz","2021-06-06","johannes-gutenberg-university-of-mainz",16,14,30,13,7,50
"Würzburg","2021-06-06","julius-maximilian-university-of-wurzburg",6,2,8,13,6,27
"Leipzig","2021-06-06","leipzig-university",3,23,26,10,2,38
"Halle-Wittenberg","2021-06-06","martin-luther-university-halle-wittenberg",7,5,12,17,3,32
"Greifswald","2021-06-06","medical-university-greifswald",0,0,0,5,2,7
"Magdeburg","2021-06-06","otto-von-guericke-university-magdeburg",0,9,9,8,7,24
"Marburg","2021-06-06","philipps-university-marburg",2,5,7,7,3,17
"Bochum","2021-06-06","ruhr-university-bochum",4,0,4,10,1,15
"Aachen","2021-06-06","rwth-aachen-university",13,2,15,20,10,45
"Homburg","2021-06-06","saarland-university",2,0,2,8,0,10
"Schleswig-Holstein","2021-06-06","schleswig-holstein-university-hospital",9,0,9,15,5,29
"TU-München","2021-06-06","technical-university-of-munich",1,31,32,24,11,67
"Rostock","2021-06-06","universitat-rostock",1,0,1,2,0,3
"Duisburg-Essen","2021-06-06","university-duisburg-essen",12,1,13,16,5,34
"Erlangen","2021-06-06","university-erlangen-nuremberg",10,14,24,33,3,60
"Tübingen","2021-06-06","university-hospital-tubingen",10,7,17,38,8,63
"Bonn","2021-06-06","university-of-bonn",14,0,14,9,4,27
"Köln","2021-06-06","university-of-cologne",6,32,38,30,5,73
"Freiburg","2021-06-06","university-of-freiburg",6,15,21,26,2,49
"Giessen","2021-06-06","university-of-giessen",2,1,3,5,2,10
"Göttingen","2021-06-06","university-of-gottingen",10,6,16,6,3,25
"Hamburg","2021-06-06","university-of-hamburg",9,12,21,28,2,51
"LMU-München","2021-06-06","university-of-munich-ludwig-maximilians",35,5,40,33,5,78
"Münster","2021-06-06","university-of-munster",5,17,22,11,3,36
"Regensburg","2021-06-06","university-of-regensburg",8,2,10,13,6,29
"Ulm","2021-06-06","university-of-ulm",7,8,15,26,4,45
"Witten/Herdecke","2021-06-06","university-of-wittenherdecke",0,0,0,5,1,6
"Mannheim","2021-07-06","central-institute-of-mental-health-in-mannheim",1,0,1,9,0,10
"Berlin","2021-07-06","charite-universitatsmedizin-berlin",31,53,84,78,41,203
"Dresden","2021-07-06","dresden-university-of-technology",7,17,24,20,5,49
"Jena","2021-07-06","friedrich-schiller-university-jena",4,4,8,11,3,22
"Frankfurt","2021-07-06","goethe-university",10,1,11,31,3,45
"Hannover","2021-07-06","hannover-medical-school",25,6,31,9,14,54
"Heidelberg","2021-07-06","heidelberg-university-hospital",10,21,31,25,5,61
"Düsseldorf","2021-07-06","heinrich-heine-university-dusseldorf",1,4,5,5,4,14
"Mainz","2021-07-06","johannes-gutenberg-university-of-mainz",16,14,30,13,7,50
"Würzburg","2021-07-06","julius-maximilian-university-of-wurzburg",6,2,8,13,6,27
"Leipzig","2021-07-06","leipzig-university",1,25,26,11,2,39
"Halle-Wittenberg","2021-07-06","martin-luther-university-halle-wittenberg",7,5,12,17,3,32
"Greifswald","2021-07-06","medical-university-greifswald",0,0,0,5,2,7
"Magdeburg","2021-07-06","otto-von-guericke-university-magdeburg",0,9,9,8,7,24
"Marburg","2021-07-06","philipps-university-marburg",2,5,7,7,3,17
"Bochum","2021-07-06","ruhr-university-bochum",4,0,4,10,1,15
"Aachen","2021-07-06","rwth-aachen-university",13,2,15,19,10,44
"Homburg","2021-07-06","saarland-university",2,0,2,8,0,10
"Schleswig-Holstein","2021-07-06","schleswig-holstein-university-hospital",9,0,9,15,5,29
"TU-München","2021-07-06","technical-university-of-munich",2,31,33,23,11,67
"Rostock","2021-07-06","universitat-rostock",1,0,1,2,0,3
"Duisburg-Essen","2021-07-06","university-duisburg-essen",12,1,13,17,5,35
"Erlangen","2021-07-06","university-erlangen-nuremberg",10,14,24,33,3,60
"Tübingen","2021-07-06","university-hospital-tubingen",12,7,19,37,8,64
"Bonn","2021-07-06","university-of-bonn",14,0,14,9,4,27
"Köln","2021-07-06","university-of-cologne",6,33,39,30,5,74
"Freiburg","2021-07-06","university-of-freiburg",6,15,21,27,2,50
"Giessen","2021-07-06","university-of-giessen",2,1,3,5,2,10
"Göttingen","2021-07-06","university-of-gottingen",9,7,16,6,3,25
"Hamburg","2021-07-06","university-of-hamburg",9,12,21,28,2,51
"LMU-München","2021-07-06","university-of-munich-ludwig-maximilians",34,7,41,32,5,78
"Münster","2021-07-06","university-of-munster",5,17,22,11,3,36
"Regensburg","2021-07-06","university-of-regensburg",8,2,10,13,6,29
"Ulm","2021-07-06","university-of-ulm",7,8,15,26,4,45
"Witten/Herdecke","2021-07-06","university-of-wittenherdecke",0,0,0,5,1,6
"Mannheim","2021-09-01","central-institute-of-mental-health-in-mannheim",1,0,1,9,0,10
"Berlin","2021-09-01","charite-universitatsmedizin-berlin",31,58,89,74,41,204
"Dresden","2021-09-01","dresden-university-of-technology",6,18,24,20,5,49
"Jena","2021-09-01","friedrich-schiller-university-jena",4,4,8,11,3,22
"Frankfurt","2021-09-01","goethe-university",11,1,12,30,3,45
"Hannover","2021-09-01","hannover-medical-school",25,6,31,9,14,54
"Heidelberg","2021-09-01","heidelberg-university-hospital",12,21,33,26,3,62
"Düsseldorf","2021-09-01","heinrich-heine-university-dusseldorf",1,4,5,5,4,14
"Mainz","2021-09-01","johannes-gutenberg-university-of-mainz",16,14,30,13,7,50
"Würzburg","2021-09-01","julius-maximilian-university-of-wurzburg",6,2,8,13,6,27
"Leipzig","2021-09-01","leipzig-university",1,25,26,12,2,40
"Halle-Wittenberg","2021-09-01","martin-luther-university-halle-wittenberg",7,5,12,17,3,32
"Greifswald","2021-09-01","medical-university-greifswald",0,0,0,5,2,7
"Magdeburg","2021-09-01","otto-von-guericke-university-magdeburg",0,9,9,8,7,24
"Marburg","2021-09-01","philipps-university-marburg",2,5,7,7,3,17
"Bochum","2021-09-01","ruhr-university-bochum",4,0,4,10,1,15
"Aachen","2021-09-01","rwth-aachen-university",8,9,17,20,11,48
"Homburg","2021-09-01","saarland-university",2,0,2,8,0,10
"Schleswig-Holstein","2021-09-01","schleswig-holstein-university-hospital",8,1,9,15,5,29
"TU-München","2021-09-01","technical-university-of-munich",2,32,34,23,11,68
"Rostock","2021-09-01","universitat-rostock",1,0,1,2,0,3
"Duisburg-Essen","2021-09-01","university-duisburg-essen",12,1,13,18,5,36
"Erlangen","2021-09-01","university-erlangen-nuremberg",6,18,24,33,3,60
"Tübingen","2021-09-01","university-hospital-tubingen",14,10,24,35,5,64
"Bonn","2021-09-01","university-of-bonn",14,0,14,11,3,28
"Köln","2021-09-01","university-of-cologne",6,34,40,32,4,76
"Freiburg","2021-09-01","university-of-freiburg",6,15,21,27,2,50
"Giessen","2021-09-01","university-of-giessen",1,2,3,5,2,10
"Göttingen","2021-09-01","university-of-gottingen",6,10,16,6,3,25
"Hamburg","2021-09-01","university-of-hamburg",9,12,21,29,3,53
"LMU-München","2021-09-01","university-of-munich-ludwig-maximilians",34,8,42,30,6,78
"Münster","2021-09-01","university-of-munster",5,17,22,11,3,36
"Regensburg","2021-09-01","university-of-regensburg",7,3,10,13,6,29
"Ulm","2021-09-01","university-of-ulm",7,11,18,24,4,46
"Witten/Herdecke","2021-09-01","university-of-wittenherdecke",0,0,0,5,1,6
"Mannheim","2021-09-04","central-institute-of-mental-health-in-mannheim",1,0,1,9,0,10
"Berlin","2021-09-04","charite-universitatsmedizin-berlin",32,82,114,73,18,205
"Dresden","2021-09-04","dresden-university-of-technology",5,19,24,20,5,49
"Jena","2021-09-04","friedrich-schiller-university-jena",4,4,8,11,3,22
"Frankfurt","2021-09-04","goethe-university",11,1,12,30,3,45
"Hannover","2021-09-04","hannover-medical-school",25,6,31,9,14,54
"Heidelberg","2021-09-04","heidelberg-university-hospital",11,22,33,26,3,62
"Düsseldorf","2021-09-04","heinrich-heine-university-dusseldorf",1,4,5,4,4,13
"Mainz","2021-09-04","johannes-gutenberg-university-of-mainz",16,14,30,13,7,50
"Würzburg","2021-09-04","julius-maximilian-university-of-wurzburg",6,2,8,13,6,27
"Leipzig","2021-09-04","leipzig-university",1,25,26,12,2,40
"Halle-Wittenberg","2021-09-04","martin-luther-university-halle-wittenberg",7,5,12,17,3,32
"Greifswald","2021-09-04","medical-university-greifswald",0,0,0,5,2,7
"Magdeburg","2021-09-04","otto-von-guericke-university-magdeburg",0,9,9,8,7,24
"Marburg","2021-09-04","philipps-university-marburg",2,5,7,7,3,17
"Bochum","2021-09-04","ruhr-university-bochum",4,0,4,10,1,15
"Aachen","2021-09-04","rwth-aachen-university",8,9,17,21,11,49
"Homburg","2021-09-04","saarland-university",2,0,2,8,0,10
"Schleswig-Holstein","2021-09-04","schleswig-holstein-university-hospital",8,1,9,15,5,29
"TU-München","2021-09-04","technical-university-of-munich",2,32,34,23,11,68
"Rostock","2021-09-04","universitat-rostock",1,0,1,2,0,3
"Duisburg-Essen","2021-09-04","university-duisburg-essen",12,1,13,18,5,36
"Erlangen","2021-09-04","university-erlangen-nuremberg",6,18,24,33,3,60
"Tübingen","2021-09-04","university-hospital-tubingen",14,10,24,35,5,64
"Bonn","2021-09-04","university-of-bonn",14,0,14,11,3,28
"Köln","2021-09-04","university-of-cologne",6,35,41,32,3,76
"Freiburg","2021-09-04","university-of-freiburg",6,15,21,27,2,50
"Giessen","2021-09-04","university-of-giessen",1,2,3,5,2,10
"Göttingen","2021-09-04","university-of-gottingen",6,10,16,6,3,25
"Hamburg","2021-09-04","university-of-hamburg",9,12,21,29,3,53
"LMU-München","2021-09-04","university-of-munich-ludwig-maximilians",31,11,42,30,7,79
"Münster","2021-09-04","university-of-munster",5,17,22,11,3,36
"Regensburg","2021-09-04","university-of-regensburg",7,3,10,13,6,29
"Ulm","2021-09-04","university-of-ulm",7,11,18,24,4,46
"Witten/Herdecke","2021-09-04","university-of-wittenherdecke",0,0,0,5,1,6
"Mannheim","2021-10-04","central-institute-of-mental-health-in-mannheim",1,0,1,9,0,10
"Berlin","2021-10-04","charite-universitatsmedizin-berlin",30,87,117,71,17,205
"Dresden","2021-10-04","dresden-university-of-technology",3,21,24,20,5,49
"Jena","2021-10-04","friedrich-schiller-university-jena",4,4,8,12,3,23
"Frankfurt","2021-10-04","goethe-university",12,3,15,29,3,47
"Hannover","2021-10-04","hannover-medical-school",24,7,31,9,14,54
"Heidelberg","2021-10-04","heidelberg-university-hospital",11,22,33,26,3,62
"Düsseldorf","2021-10-04","heinrich-heine-university-dusseldorf",1,4,5,4,4,13
"Mainz","2021-10-04","johannes-gutenberg-university-of-mainz",16,14,30,13,7,50
"Würzburg","2021-10-04","julius-maximilian-university-of-wurzburg",6,2,8,13,6,27
"Leipzig","2021-10-04","leipzig-university",1,25,26,12,2,40
"Halle-Wittenberg","2021-10-04","martin-luther-university-halle-wittenberg",7,7,14,16,2,32
"Greifswald","2021-10-04","medical-university-greifswald",0,0,0,4,3,7
"Magdeburg","2021-10-04","otto-von-guericke-university-magdeburg",0,9,9,8,7,24
"Marburg","2021-10-04","philipps-university-marburg",2,5,7,7,3,17
"Bochum","2021-10-04","ruhr-university-bochum",4,0,4,10,1,15
"Aachen","2021-10-04","rwth-aachen-university",8,9,17,21,11,49
"Homburg","2021-10-04","saarland-university",2,0,2,8,0,10
"Schleswig-Holstein","2021-10-04","schleswig-holstein-university-hospital",8,1,9,15,5,29
"TU-München","2021-10-04","technical-university-of-munich",2,33,35,22,11,68
"Rostock","2021-10-04","universitat-rostock",1,0,1,2,0,3
"Duisburg-Essen","2021-10-04","university-duisburg-essen",12,1,13,18,5,36
"Erlangen","2021-10-04","university-erlangen-nuremberg",6,18,24,33,3,60
"Tübingen","2021-10-04","university-hospital-tubingen",12,12,24,35,5,64
"Bonn","2021-10-04","university-of-bonn",13,1,14,11,3,28
"Köln","2021-10-04","university-of-cologne",4,37,41,33,3,77
"Freiburg","2021-10-04","university-of-freiburg",6,16,22,26,2,50
"Giessen","2021-10-04","university-of-giessen",1,2,3,5,2,10
"Göttingen","2021-10-04","university-of-gottingen",4,12,16,6,3,25
"Hamburg","2021-10-04","university-of-hamburg",8,15,23,30,0,53
"LMU-München","2021-10-04","university-of-munich-ludwig-maximilians",29,14,43,29,7,79
"Münster","2021-10-04","university-of-munster",5,17,22,12,3,37
"Regensburg","2021-10-04","university-of-regensburg",7,3,10,13,6,29
"Ulm","2021-10-04","university-of-ulm",7,11,18,24,4,46
"Witten/Herdecke","2021-10-04","university-of-wittenherdecke",0,0,0,5,1,6
"Mannheim","2021-11-08","central-institute-of-mental-health-in-mannheim",0,1,1,9,0,10
"Berlin","2021-11-08","charite-universitatsmedizin-berlin",34,89,123,66,16,205
"Dresden","2021-11-08","dresden-university-of-technology",3,21,24,20,5,49
"Jena","2021-11-08","friedrich-schiller-university-jena",3,5,8,13,3,24
"Frankfurt","2021-11-08","goethe-university",9,6,15,29,3,47
"Hannover","2021-11-08","hannover-medical-school",24,7,31,9,14,54
"Heidelberg","2021-11-08","heidelberg-university-hospital",11,22,33,28,3,64
"Düsseldorf","2021-11-08","heinrich-heine-university-dusseldorf",1,4,5,4,4,13
"Mainz","2021-11-08","johannes-gutenberg-university-of-mainz",16,14,30,13,7,50
"Würzburg","2021-11-08","julius-maximilian-university-of-wurzburg",6,2,8,13,6,27
"Leipzig","2021-11-08","leipzig-university",1,25,26,13,2,41
"Halle-Wittenberg","2021-11-08","martin-luther-university-halle-wittenberg",7,7,14,16,2,32
"Greifswald","2021-11-08","medical-university-greifswald",0,0,0,5,2,7
"Magdeburg","2021-11-08","otto-von-guericke-university-magdeburg",0,9,9,8,7,24
"Marburg","2021-11-08","philipps-university-marburg",2,5,7,8,3,18
"Bochum","2021-11-08","ruhr-university-bochum",4,0,4,10,1,15
"Aachen","2021-11-08","rwth-aachen-university",6,11,17,21,11,49
"Homburg","2021-11-08","saarland-university",2,0,2,8,0,10
"Schleswig-Holstein","2021-11-08","schleswig-holstein-university-hospital",8,1,9,15,5,29
"TU-München","2021-11-08","technical-university-of-munich",2,33,35,21,12,68
"Rostock","2021-11-08","universitat-rostock",1,0,1,2,0,3
"Duisburg-Essen","2021-11-08","university-duisburg-essen",12,1,13,18,6,37
"Erlangen","2021-11-08","university-erlangen-nuremberg",6,18,24,33,3,60
"Tübingen","2021-11-08","university-hospital-tubingen",8,17,25,36,4,65
"Bonn","2021-11-08","university-of-bonn",14,1,15,11,3,29
"Köln","2021-11-08","university-of-cologne",4,37,41,35,3,79
"Freiburg","2021-11-08","university-of-freiburg",6,16,22,26,2,50
"Giessen","2021-11-08","university-of-giessen",1,2,3,5,2,10
"Göttingen","2021-11-08","university-of-gottingen",4,12,16,6,3,25
"Hamburg","2021-11-08","university-of-hamburg",6,17,23,30,0,53
"LMU-München","2021-11-08","university-of-munich-ludwig-maximilians",29,15,44,30,6,80
"Münster","2021-11-08","university-of-munster",5,17,22,12,3,37
"Regensburg","2021-11-08","university-of-regensburg",7,3,10,12,7,29
"Ulm","2021-11-08","university-of-ulm",7,12,19,23,4,46
"Witten/Herdecke","2021-11-08","university-of-wittenherdecke",0,0,0,5,1,6
"Mannheim","2021-12-10","central-institute-of-mental-health-in-mannheim",0,1,1,9,0,10
"Berlin","2021-12-10","charite-universitatsmedizin-berlin",34,93,127,64,14,205
"Dresden","2021-12-10","dresden-university-of-technology",2,22,24,20,5,49
"Jena","2021-12-10","friedrich-schiller-university-jena",3,5,8,13,3,24
"Frankfurt","2021-12-10","goethe-university",7,8,15,29,3,47
"Hannover","2021-12-10","hannover-medical-school",23,8,31,9,14,54
"Heidelberg","2021-12-10","heidelberg-university-hospital",11,23,34,28,2,64
"Düsseldorf","2021-12-10","heinrich-heine-university-dusseldorf",1,4,5,4,4,13
"Mainz","2021-12-10","johannes-gutenberg-university-of-mainz",16,15,31,13,6,50
"Würzburg","2021-12-10","julius-maximilian-university-of-wurzburg",6,2,8,13,6,27
"Leipzig","2021-12-10","leipzig-university",1,25,26,13,2,41
"Halle-Wittenberg","2021-12-10","martin-luther-university-halle-wittenberg",6,8,14,16,2,32
"Greifswald","2021-12-10","medical-university-greifswald",0,0,0,5,2,7
"Magdeburg","2021-12-10","otto-von-guericke-university-magdeburg",0,9,9,8,7,24
"Marburg","2021-12-10","philipps-university-marburg",2,5,7,8,3,18
"Bochum","2021-12-10","ruhr-university-bochum",3,1,4,10,1,15
"Aachen","2021-12-10","rwth-aachen-university",6,13,19,20,11,50
"Homburg","2021-12-10","saarland-university",2,0,2,8,0,10
"Schleswig-Holstein","2021-12-10","schleswig-holstein-university-hospital",7,2,9,15,5,29
"TU-München","2021-12-10","technical-university-of-munich",2,33,35,21,12,68
"Rostock","2021-12-10","universitat-rostock",1,0,1,2,0,3
"Duisburg-Essen","2021-12-10","university-duisburg-essen",12,1,13,18,6,37
"Erlangen","2021-12-10","university-erlangen-nuremberg",5,19,24,33,3,60
"Tübingen","2021-12-10","university-hospital-tubingen",7,19,26,35,4,65
"Bonn","2021-12-10","university-of-bonn",15,1,16,11,2,29
"Köln","2021-12-10","university-of-cologne",4,37,41,35,3,79
"Freiburg","2021-12-10","university-of-freiburg",6,16,22,26,2,50
"Giessen","2021-12-10","university-of-giessen",1,2,3,5,2,10
"Göttingen","2021-12-10","university-of-gottingen",3,13,16,6,3,25
"Hamburg","2021-12-10","university-of-hamburg",6,17,23,30,0,53
"LMU-München","2021-12-10","university-of-munich-ludwig-maximilians",29,15,44,30,6,80
"Münster","2021-12-10","university-of-munster",5,18,23,12,3,38
"Regensburg","2021-12-10","university-of-regensburg",7,3,10,12,7,29
"Ulm","2021-12-10","university-of-ulm",7,12,19,23,4,46
"Witten/Herdecke","2021-12-10","university-of-wittenherdecke",0,0,0,5,1,6
"Mannheim","2022-01-11","central-institute-of-mental-health-in-mannheim",0,1,1,9,0,10
"Berlin","2022-01-11","charite-universitatsmedizin-berlin",31,99,130,63,12,205
"Dresden","2022-01-11","dresden-university-of-technology",2,22,24,20,5,49
"Jena","2022-01-11","friedrich-schiller-university-jena",3,5,8,12,4,24
"Frankfurt","2022-01-11","goethe-university",6,9,15,30,3,48
"Hannover","2022-01-11","hannover-medical-school",23,8,31,9,14,54
"Heidelberg","2022-01-11","heidelberg-university-hospital",11,23,34,28,2,64
"Düsseldorf","2022-01-11","heinrich-heine-university-dusseldorf",1,4,5,4,4,13
"Mainz","2022-01-11","johannes-gutenberg-university-of-mainz",16,16,32,14,5,51
"Würzburg","2022-01-11","julius-maximilian-university-of-wurzburg",6,2,8,13,6,27
"Leipzig","2022-01-11","leipzig-university",1,25,26,13,2,41
"Halle-Wittenberg","2022-01-11","martin-luther-university-halle-wittenberg",6,8,14,16,2,32
"Greifswald","2022-01-11","medical-university-greifswald",0,0,0,5,2,7
"Magdeburg","2022-01-11","otto-von-guericke-university-magdeburg",0,9,9,8,7,24
"Marburg","2022-01-11","philipps-university-marburg",2,5,7,8,3,18
"Bochum","2022-01-11","ruhr-university-bochum",3,1,4,10,1,15
"Aachen","2022-01-11","rwth-aachen-university",5,14,19,20,11,50
"Homburg","2022-01-11","saarland-university",2,0,2,9,0,11
"Schleswig-Holstein","2022-01-11","schleswig-holstein-university-hospital",7,3,10,15,4,29
"TU-München","2022-01-11","technical-university-of-munich",2,33,35,21,12,68
"Rostock","2022-01-11","universitat-rostock",1,0,1,2,0,3
"Duisburg-Essen","2022-01-11","university-duisburg-essen",11,2,13,18,6,37
"Erlangen","2022-01-11","university-erlangen-nuremberg",5,19,24,33,3,60
"Tübingen","2022-01-11","university-hospital-tubingen",7,19,26,35,4,65
"Bonn","2022-01-11","university-of-bonn",12,5,17,11,1,29
"Köln","2022-01-11","university-of-cologne",2,39,41,37,1,79
"Freiburg","2022-01-11","university-of-freiburg",7,16,23,25,2,50
"Giessen","2022-01-11","university-of-giessen",1,2,3,5,2,10
"Göttingen","2022-01-11","university-of-gottingen",3,13,16,6,3,25
"Hamburg","2022-01-11","university-of-hamburg",6,17,23,30,0,53
"LMU-München","2022-01-11","university-of-munich-ludwig-maximilians",26,19,45,30,5,80
"Münster","2022-01-11","university-of-munster",5,20,25,12,1,38
"Regensburg","2022-01-11","university-of-regensburg",7,3,10,12,7,29
"Ulm","2022-01-11","university-of-ulm",7,12,19,22,5,46
"Witten/Herdecke","2022-01-11","university-of-wittenherdecke",0,0,0,5,1,6
"Mannheim","2022-02-05","central-institute-of-mental-health-in-mannheim",0,1,1,9,0,10
"Berlin","2022-02-05","charite-universitatsmedizin-berlin",32,99,131,62,12,205
"Dresden","2022-02-05","dresden-university-of-technology",3,22,25,19,5,49
"Jena","2022-02-05","friedrich-schiller-university-jena",3,5,8,12,4,24
"Frankfurt","2022-02-05","goethe-university",6,9,15,30,3,48
"Hannover","2022-02-05","hannover-medical-school",23,8,31,9,14,54
"Heidelberg","2022-02-05","heidelberg-university-hospital",11,23,34,28,2,64
"Düsseldorf","2022-02-05","heinrich-heine-university-dusseldorf",1,4,5,4,4,13
"Mainz","2022-02-05","johannes-gutenberg-university-of-mainz",16,16,32,14,5,51
"Würzburg","2022-02-05","julius-maximilian-university-of-wurzburg",6,2,8,13,6,27
"Leipzig","2022-02-05","leipzig-university",1,25,26,13,2,41
"Halle-Wittenberg","2022-02-05","martin-luther-university-halle-wittenberg",6,8,14,16,2,32
"Greifswald","2022-02-05","medical-university-greifswald",0,0,0,5,2,7
"Magdeburg","2022-02-05","otto-von-guericke-university-magdeburg",0,9,9,8,7,24
"Marburg","2022-02-05","philipps-university-marburg",2,5,7,8,3,18
"Bochum","2022-02-05","ruhr-university-bochum",3,1,4,10,1,15
"Aachen","2022-02-05","rwth-aachen-university",5,15,20,19,11,50
"Homburg","2022-02-05","saarland-university",2,0,2,9,0,11
"Schleswig-Holstein","2022-02-05","schleswig-holstein-university-hospital",7,3,10,15,4,29
"TU-München","2022-02-05","technical-university-of-munich",2,33,35,21,12,68
"Rostock","2022-02-05","universitat-rostock",1,0,1,2,0,3
"Duisburg-Essen","2022-02-05","university-duisburg-essen",11,2,13,18,6,37
"Erlangen","2022-02-05","university-erlangen-nuremberg",5,19,24,33,3,60
"Tübingen","2022-02-05","university-hospital-tubingen",7,20,27,34,4,65
"Bonn","2022-02-05","university-of-bonn",12,5,17,11,1,29
"Köln","2022-02-05","university-of-cologne",2,40,42,36,1,79
"Freiburg","2022-02-05","university-of-freiburg",7,16,23,25,2,50
"Giessen","2022-02-05","university-of-giessen",1,2,3,5,2,10
"Göttingen","2022-02-05","university-of-gottingen",3,13,16,6,3,25
"Hamburg","2022-02-05","university-of-hamburg",6,17,23,30,0,53
"LMU-München","2022-02-05","university-of-munich-ludwig-maximilians",26,19,45,30,5,80
"Münster","2022-02-05","university-of-munster",5,20,25,12,1,38
"Regensburg","2022-02-05","university-of-regensburg",7,3,10,12,7,29
"Ulm","2022-02-05","university-of-ulm",7,12,19,22,5,46
"Witten/Herdecke","2022-02-05","university-of-wittenherdecke",0,0,0,5,1,6
"Mannheim","2022-02-18","central-institute-of-mental-health-in-mannheim",0,1,1,9,0,10
"Berlin","2022-02-18","charite-universitatsmedizin-berlin",28,104,132,62,12,206
"Dresden","2022-02-18","dresden-university-of-technology",3,22,25,19,5,49
"Jena","2022-02-18","friedrich-schiller-university-jena",3,5,8,13,4,25
"Frankfurt","2022-02-18","goethe-university",5,10,15,30,3,48
"Hannover","2022-02-18","hannover-medical-school",23,8,31,9,14,54
"Heidelberg","2022-02-18","heidelberg-university-hospital",11,23,34,28,2,64
"Düsseldorf","2022-02-18","heinrich-heine-university-dusseldorf",1,4,5,4,4,13
"Mainz","2022-02-18","johannes-gutenberg-university-of-mainz",15,17,32,14,5,51
"Würzburg","2022-02-18","julius-maximilian-university-of-wurzburg",6,2,8,13,6,27
"Leipzig","2022-02-18","leipzig-university",1,25,26,13,2,41
"Halle-Wittenberg","2022-02-18","martin-luther-university-halle-wittenberg",6,8,14,16,2,32
"Greifswald","2022-02-18","medical-university-greifswald",0,0,0,5,2,7
"Magdeburg","2022-02-18","otto-von-guericke-university-magdeburg",0,9,9,8,7,24
"Marburg","2022-02-18","philipps-university-marburg",2,5,7,8,3,18
"Bochum","2022-02-18","ruhr-university-bochum",3,1,4,10,1,15
"Aachen","2022-02-18","rwth-aachen-university",4,16,20,19,11,50
"Homburg","2022-02-18","saarland-university",2,0,2,9,0,11
"Schleswig-Holstein","2022-02-18","schleswig-holstein-university-hospital",7,3,10,16,4,30
"TU-München","2022-02-18","technical-university-of-munich",2,34,36,20,12,68
"Rostock","2022-02-18","universitat-rostock",1,0,1,2,0,3
"Duisburg-Essen","2022-02-18","university-duisburg-essen",11,2,13,18,6,37
"Erlangen","2022-02-18","university-erlangen-nuremberg",5,19,24,33,3,60
"Tübingen","2022-02-18","university-hospital-tubingen",7,21,28,34,3,65
"Bonn","2022-02-18","university-of-bonn",10,8,18,10,1,29
"Köln","2022-02-18","university-of-cologne",2,41,43,35,1,79
"Freiburg","2022-02-18","university-of-freiburg",7,16,23,25,2,50
"Giessen","2022-02-18","university-of-giessen",1,2,3,5,2,10
"Göttingen","2022-02-18","university-of-gottingen",3,13,16,6,3,25
"Hamburg","2022-02-18","university-of-hamburg",5,18,23,29,1,53
"LMU-München","2022-02-18","university-of-munich-ludwig-maximilians",26,19,45,30,5,80
"Münster","2022-02-18","university-of-munster",3,22,25,12,1,38
"Regensburg","2022-02-18","university-of-regensburg",7,3,10,12,7,29
"Ulm","2022-02-18","university-of-ulm",7,12,19,23,4,46
"Witten/Herdecke","2022-02-18","university-of-wittenherdecke",0,0,0,5,1,6
"Mannheim","2022-03-21","central-institute-of-mental-health-in-mannheim",1,1,2,8,0,10
"Berlin","2022-03-21","charite-universitatsmedizin-berlin",25,109,134,61,11,206
"Dresden","2022-03-21","dresden-university-of-technology",4,22,26,18,5,49
"Jena","2022-03-21","friedrich-schiller-university-jena",4,5,9,12,4,25
"Frankfurt","2022-03-21","goethe-university",5,10,15,30,3,48
"Hannover","2022-03-21","hannover-medical-school",23,8,31,9,14,54
"Heidelberg","2022-03-21","heidelberg-university-hospital",11,23,34,28,2,64
"Düsseldorf","2022-03-21","heinrich-heine-university-dusseldorf",1,4,5,4,4,13
"Mainz","2022-03-21","johannes-gutenberg-university-of-mainz",15,17,32,14,5,51
"Würzburg","2022-03-21","julius-maximilian-university-of-wurzburg",6,2,8,13,6,27
"Leipzig","2022-03-21","leipzig-university",1,25,26,13,2,41
"Halle-Wittenberg","2022-03-21","martin-luther-university-halle-wittenberg",6,8,14,16,2,32
"Greifswald","2022-03-21","medical-university-greifswald",0,0,0,5,2,7
"Magdeburg","2022-03-21","otto-von-guericke-university-magdeburg",0,9,9,8,7,24
"Marburg","2022-03-21","philipps-university-marburg",1,6,7,8,3,18
"Bochum","2022-03-21","ruhr-university-bochum",3,1,4,10,1,15
"Aachen","2022-03-21","rwth-aachen-university",4,16,20,19,11,50
"Homburg","2022-03-21","saarland-university",2,0,2,9,0,11
"Schleswig-Holstein","2022-03-21","schleswig-holstein-university-hospital",7,3,10,15,5,30
"TU-München","2022-03-21","technical-university-of-munich",2,34,36,20,12,68
"Rostock","2022-03-21","universitat-rostock",1,0,1,2,0,3
"Duisburg-Essen","2022-03-21","university-duisburg-essen",11,2,13,18,6,37
"Erlangen","2022-03-21","university-erlangen-nuremberg",5,19,24,33,3,60
"Tübingen","2022-03-21","university-hospital-tubingen",7,21,28,35,3,66
"Bonn","2022-03-21","university-of-bonn",7,11,18,10,1,29
"Köln","2022-03-21","university-of-cologne",2,41,43,34,2,79
"Freiburg","2022-03-21","university-of-freiburg",9,16,25,23,2,50
"Giessen","2022-03-21","university-of-giessen",0,3,3,5,2,10
"Göttingen","2022-03-21","university-of-gottingen",3,13,16,6,3,25
"Hamburg","2022-03-21","university-of-hamburg",5,18,23,29,1,53
"LMU-München","2022-03-21","university-of-munich-ludwig-maximilians",27,19,46,29,5,80
"Münster","2022-03-21","university-of-munster",3,22,25,12,1,38
"Regensburg","2022-03-21","university-of-regensburg",7,3,10,12,7,29
"Ulm","2022-03-21","university-of-ulm",7,12,19,22,5,46
"Witten/Herdecke","2022-03-21","university-of-wittenherdecke",0,0,0,5,1,6
"Mannheim","2022-04-02","central-institute-of-mental-health-in-mannheim",1,1,2,8,0,10
"Berlin","2022-04-02","charite-universitatsmedizin-berlin",26,109,135,60,11,206
"Dresden","2022-04-02","dresden-university-of-technology",4,22,26,18,5,49
"Jena","2022-04-02","friedrich-schiller-university-jena",4,5,9,12,4,25
"Frankfurt","2022-04-02","goethe-university",6,10,16,29,3,48
"Hannover","2022-04-02","hannover-medical-school",23,8,31,9,14,54
"Heidelberg","2022-04-02","heidelberg-university-hospital",11,23,34,28,2,64
"Düsseldorf","2022-04-02","heinrich-heine-university-dusseldorf",1,4,5,4,4,13
"Mainz","2022-04-02","johannes-gutenberg-university-of-mainz",15,17,32,14,5,51
"Würzburg","2022-04-02","julius-maximilian-university-of-wurzburg",6,2,8,13,6,27
"Leipzig","2022-04-02","leipzig-university",1,25,26,13,2,41
"Halle-Wittenberg","2022-04-02","martin-luther-university-halle-wittenberg",6,8,14,16,2,32
"Greifswald","2022-04-02","medical-university-greifswald",0,0,0,5,2,7
"Magdeburg","2022-04-02","otto-von-guericke-university-magdeburg",0,9,9,8,7,24
"Marburg","2022-04-02","philipps-university-marburg",1,6,7,8,3,18
"Bochum","2022-04-02","ruhr-university-bochum",3,1,4,10,1,15
"Aachen","2022-04-02","rwth-aachen-university",4,16,20,19,11,50
"Homburg","2022-04-02","saarland-university",2,0,2,9,0,11
"Schleswig-Holstein","2022-04-02","schleswig-holstein-university-hospital",7,3,10,15,5,30
"TU-München","2022-04-02","technical-university-of-munich",2,34,36,20,12,68
"Rostock","2022-04-02","universitat-rostock",1,0,1,2,0,3
"Duisburg-Essen","2022-04-02","university-duisburg-essen",11,2,13,18,6,37
"Erlangen","2022-04-02","university-erlangen-nuremberg",5,19,24,33,3,60
"Tübingen","2022-04-02","university-hospital-tubingen",7,22,29,34,3,66
"Bonn","2022-04-02","university-of-bonn",7,11,18,10,1,29
"Köln","2022-04-02","university-of-cologne",2,41,43,34,2,79
"Freiburg","2022-04-02","university-of-freiburg",9,16,25,23,2,50
"Giessen","2022-04-02","university-of-giessen",0,3,3,5,2,10
"Göttingen","2022-04-02","university-of-gottingen",3,13,16,6,3,25
"Hamburg","2022-04-02","university-of-hamburg",5,18,23,29,1,53
"LMU-München","2022-04-02","university-of-munich-ludwig-maximilians",27,19,46,29,5,80
"Münster","2022-04-02","university-of-munster",3,22,25,12,1,38
"Regensburg","2022-04-02","university-of-regensburg",7,3,10,12,7,29
"Ulm","2022-04-02","university-of-ulm",7,12,19,22,5,46
"Witten/Herdecke","2022-04-02","university-of-wittenherdecke",0,0,0,5,1,6
"Mannheim","2022-04-04","central-institute-of-mental-health-in-mannheim",1,1,2,8,0,10
"Berlin","2022-04-04","charite-universitatsmedizin-berlin",24,111,135,61,11,207
"Dresden","2022-04-04","dresden-university-of-technology",4,23,27,17,5,49
"Jena","2022-04-04","friedrich-schiller-university-jena",4,5,9,12,4,25
"Frankfurt","2022-04-04","goethe-university",6,10,16,29,3,48
"Hannover","2022-04-04","hannover-medical-school",23,8,31,9,14,54
"Heidelberg","2022-04-04","heidelberg-university-hospital",11,24,35,28,2,65
"Düsseldorf","2022-04-04","heinrich-heine-university-dusseldorf",1,5,6,3,4,13
"Mainz","2022-04-04","johannes-gutenberg-university-of-mainz",15,19,34,12,5,51
"Würzburg","2022-04-04","julius-maximilian-university-of-wurzburg",6,2,8,13,6,27
"Leipzig","2022-04-04","leipzig-university",1,25,26,13,2,41
"Halle-Wittenberg","2022-04-04","martin-luther-university-halle-wittenberg",6,9,15,15,2,32
"Greifswald","2022-04-04","medical-university-greifswald",0,0,0,5,2,7
"Magdeburg","2022-04-04","otto-von-guericke-university-magdeburg",0,10,10,7,7,24
"Marburg","2022-04-04","philipps-university-marburg",0,8,8,7,3,18
"Bochum","2022-04-04","ruhr-university-bochum",3,1,4,10,1,15
"Aachen","2022-04-04","rwth-aachen-university",4,17,21,18,11,50
"Homburg","2022-04-04","saarland-university",2,0,2,9,0,11
"Schleswig-Holstein","2022-04-04","schleswig-holstein-university-hospital",7,3,10,15,5,30
"TU-München","2022-04-04","technical-university-of-munich",2,41,43,14,11,68
"Rostock","2022-04-04","universitat-rostock",1,0,1,2,0,3
"Duisburg-Essen","2022-04-04","university-duisburg-essen",11,2,13,18,6,37
"Erlangen","2022-04-04","university-erlangen-nuremberg",5,24,29,28,3,60
"Tübingen","2022-04-04","university-hospital-tubingen",6,24,30,34,2,66
"Bonn","2022-04-04","university-of-bonn",5,13,18,10,1,29
"Köln","2022-04-04","university-of-cologne",2,41,43,34,2,79
"Freiburg","2022-04-04","university-of-freiburg",9,16,25,23,2,50
"Giessen","2022-04-04","university-of-giessen",0,3,3,5,2,10
"Göttingen","2022-04-04","university-of-gottingen",2,14,16,6,3,25
"Hamburg","2022-04-04","university-of-hamburg",5,18,23,30,1,54
"LMU-München","2022-04-04","university-of-munich-ludwig-maximilians",27,19,46,29,5,80
"Münster","2022-04-04","university-of-munster",3,22,25,12,1,38
"Regensburg","2022-04-04","university-of-regensburg",7,3,10,12,7,29
"Ulm","2022-04-04","university-of-ulm",7,12,19,22,5,46
"Witten/Herdecke","2022-04-04","university-of-wittenherdecke",0,0,0,5,1,6
"Mannheim","2022-05-20","central-institute-of-mental-health-in-mannheim",1,1,2,8,0,10
"Berlin","2022-05-20","charite-universitatsmedizin-berlin",17,123,140,61,7,208
"Dresden","2022-05-20","dresden-university-of-technology",4,23,27,17,5,49
"Jena","2022-05-20","friedrich-schiller-university-jena",4,5,9,12,4,25
"Frankfurt","2022-05-20","goethe-university",6,10,16,29,3,48
"Hannover","2022-05-20","hannover-medical-school",29,8,37,7,11,55
"Heidelberg","2022-05-20","heidelberg-university-hospital",9,26,35,28,2,65
"Düsseldorf","2022-05-20","heinrich-heine-university-dusseldorf",1,5,6,3,4,13
"Mainz","2022-05-20","johannes-gutenberg-university-of-mainz",14,20,34,12,5,51
"Würzburg","2022-05-20","julius-maximilian-university-of-wurzburg",6,2,8,13,6,27
"Leipzig","2022-05-20","leipzig-university",1,25,26,12,3,41
"Halle-Wittenberg","2022-05-20","martin-luther-university-halle-wittenberg",6,9,15,15,2,32
"Greifswald","2022-05-20","medical-university-greifswald",0,0,0,5,2,7
"Magdeburg","2022-05-20","otto-von-guericke-university-magdeburg",0,10,10,7,7,24
"Marburg","2022-05-20","philipps-university-marburg",0,8,8,7,3,18
"Bochum","2022-05-20","ruhr-university-bochum",3,1,4,10,1,15
"Aachen","2022-05-20","rwth-aachen-university",5,24,29,10,11,50
"Homburg","2022-05-20","saarland-university",2,0,2,9,0,11
"Schleswig-Holstein","2022-05-20","schleswig-holstein-university-hospital",7,3,10,15,5,30
"TU-München","2022-05-20","technical-university-of-munich",1,42,43,14,11,68
"Rostock","2022-05-20","universitat-rostock",1,0,1,2,0,3
"Duisburg-Essen","2022-05-20","university-duisburg-essen",11,2,13,18,6,37
"Erlangen","2022-05-20","university-erlangen-nuremberg",5,24,29,28,3,60
"Tübingen","2022-05-20","university-hospital-tubingen",6,25,31,33,2,66
"Bonn","2022-05-20","university-of-bonn",5,13,18,10,1,29
"Köln","2022-05-20","university-of-cologne",2,41,43,34,3,80
"Freiburg","2022-05-20","university-of-freiburg",9,16,25,23,2,50
"Giessen","2022-05-20","university-of-giessen",0,3,3,5,2,10
"Göttingen","2022-05-20","university-of-gottingen",3,14,17,5,3,25
"Hamburg","2022-05-20","university-of-hamburg",4,19,23,30,1,54
"LMU-München","2022-05-20","university-of-munich-ludwig-maximilians",27,19,46,29,5,80
"Münster","2022-05-20","university-of-munster",3,22,25,12,1,38
"Regensburg","2022-05-20","university-of-regensburg",7,3,10,12,7,29
"Ulm","2022-05-20","university-of-ulm",7,12,19,22,5,46
"Witten/Herdecke","2022-05-20","university-of-wittenherdecke",0,0,0,5,1,6
"Mannheim","2022-06-06","central-institute-of-mental-health-in-mannheim",1,1,2,8,0,10
"Berlin","2022-06-06","charite-universitatsmedizin-berlin",11,131,142,59,8,209
"Dresden","2022-06-06","dresden-university-of-technology",4,23,27,17,5,49
"Jena","2022-06-06","friedrich-schiller-university-jena",4,5,9,11,5,25
"Frankfurt","2022-06-06","goethe-university",6,10,16,30,3,49
"Hannover","2022-06-06","hannover-medical-school",29,9,38,6,11,55
"Heidelberg","2022-06-06","heidelberg-university-hospital",8,27,35,27,3,65
"Düsseldorf","2022-06-06","heinrich-heine-university-dusseldorf",1,5,6,3,4,13
"Mainz","2022-06-06","johannes-gutenberg-university-of-mainz",14,20,34,12,5,51
"Würzburg","2022-06-06","julius-maximilian-university-of-wurzburg",6,2,8,13,6,27
"Leipzig","2022-06-06","leipzig-university",1,25,26,12,3,41
"Halle-Wittenberg","2022-06-06","martin-luther-university-halle-wittenberg",6,9,15,15,2,32
"Greifswald","2022-06-06","medical-university-greifswald",0,0,0,5,2,7
"Magdeburg","2022-06-06","otto-von-guericke-university-magdeburg",0,10,10,7,7,24
"Marburg","2022-06-06","philipps-university-marburg",0,8,8,8,3,19
"Bochum","2022-06-06","ruhr-university-bochum",3,1,4,10,1,15
"Aachen","2022-06-06","rwth-aachen-university",5,24,29,10,11,50
"Homburg","2022-06-06","saarland-university",2,0,2,9,0,11
"Schleswig-Holstein","2022-06-06","schleswig-holstein-university-hospital",7,3,10,15,5,30
"TU-München","2022-06-06","technical-university-of-munich",1,42,43,14,11,68
"Rostock","2022-06-06","universitat-rostock",1,0,1,2,0,3
"Duisburg-Essen","2022-06-06","university-duisburg-essen",11,2,13,18,6,37
"Erlangen","2022-06-06","university-erlangen-nuremberg",4,25,29,27,4,60
"Tübingen","2022-06-06","university-hospital-tubingen",6,25,31,33,2,66
"Bonn","2022-06-06","university-of-bonn",5,13,18,10,1,29
"Köln","2022-06-06","university-of-cologne",2,41,43,35,3,81
"Freiburg","2022-06-06","university-of-freiburg",7,18,25,24,2,51
"Giessen","2022-06-06","university-of-giessen",0,3,3,5,2,10
"Göttingen","2022-06-06","university-of-gottingen",3,14,17,6,3,26
"Hamburg","2022-06-06","university-of-hamburg",5,19,24,30,1,55
"LMU-München","2022-06-06","university-of-munich-ludwig-maximilians",27,19,46,29,5,80
"Münster","2022-06-06","university-of-munster",3,22,25,12,1,38
"Regensburg","2022-06-06","university-of-regensburg",8,3,11,11,7,29
"Ulm","2022-06-06","university-of-ulm",7,12,19,22,5,46
"Witten/Herdecke","2022-06-06","university-of-wittenherdecke",0,0,0,5,1,6
"Mannheim","2022-07-04","central-institute-of-mental-health-in-mannheim",1,1,2,8,0,10
"Berlin","2022-07-04","charite-universitatsmedizin-berlin",8,136,144,58,7,209
"Dresden","2022-07-04","dresden-university-of-technology",4,23,27,17,5,49
"Jena","2022-07-04","friedrich-schiller-university-jena",4,5,9,11,5,25
"Frankfurt","2022-07-04","goethe-university",6,10,16,30,3,49
"Hannover","2022-07-04","hannover-medical-school",29,9,38,6,11,55
"Heidelberg","2022-07-04","heidelberg-university-hospital",5,30,35,27,3,65
"Düsseldorf","2022-07-04","heinrich-heine-university-dusseldorf",1,5,6,3,4,13
"Mainz","2022-07-04","johannes-gutenberg-university-of-mainz",14,20,34,12,5,51
"Würzburg","2022-07-04","julius-maximilian-university-of-wurzburg",3,5,8,13,6,27
"Leipzig","2022-07-04","leipzig-university",1,25,26,12,3,41
"Halle-Wittenberg","2022-07-04","martin-luther-university-halle-wittenberg",6,9,15,15,2,32
"Greifswald","2022-07-04","medical-university-greifswald",0,0,0,5,2,7
"Magdeburg","2022-07-04","otto-von-guericke-university-magdeburg",0,10,10,7,7,24
"Marburg","2022-07-04","philipps-university-marburg",0,8,8,8,3,19
"Bochum","2022-07-04","ruhr-university-bochum",3,1,4,10,1,15
"Aachen","2022-07-04","rwth-aachen-university",5,24,29,10,11,50
"Homburg","2022-07-04","saarland-university",2,0,2,9,0,11
"Schleswig-Holstein","2022-07-04","schleswig-holstein-university-hospital",7,3,10,15,5,30
"TU-München","2022-07-04","technical-university-of-munich",1,42,43,14,11,68
"Rostock","2022-07-04","universitat-rostock",1,0,1,2,0,3
"Duisburg-Essen","2022-07-04","university-duisburg-essen",10,3,13,18,6,37
"Erlangen","2022-07-04","university-erlangen-nuremberg",4,25,29,27,4,60
"Tübingen","2022-07-04","university-hospital-tubingen",6,25,31,33,2,66
"Bonn","2022-07-04","university-of-bonn",5,13,18,10,1,29
"Köln","2022-07-04","university-of-cologne",2,41,43,36,3,82
"Freiburg","2022-07-04","university-of-freiburg",6,19,25,25,2,52
"Giessen","2022-07-04","university-of-giessen",0,3,3,4,3,10
"Göttingen","2022-07-04","university-of-gottingen",3,14,17,6,3,26
"Hamburg","2022-07-04","university-of-hamburg",5,19,24,30,1,55
"LMU-München","2022-07-04","university-of-munich-ludwig-maximilians",15,31,46,29,5,80
"Münster","2022-07-04","university-of-munster",3,22,25,12,1,38
"Regensburg","2022-07-04","university-of-regensburg",7,5,12,10,9,31
"Ulm","2022-07-04","university-of-ulm",7,12,19,22,5,46
"Witten/Herdecke","2022-07-04","university-of-wittenherdecke",0,0,0,5,1,6
"Mannheim","2022-08-07","central-institute-of-mental-health-in-mannheim",1,1,2,8,0,10
"Berlin","2022-08-07","charite-universitatsmedizin-berlin",7,142,149,54,6,209
"Dresden","2022-08-07","dresden-university-of-technology",4,24,28,16,5,49
"Jena","2022-08-07","friedrich-schiller-university-jena",6,5,11,8,6,25
"Frankfurt","2022-08-07","goethe-university",6,11,17,30,2,49
"Hannover","2022-08-07","hannover-medical-school",30,9,39,5,11,55
"Heidelberg","2022-08-07","heidelberg-university-hospital",5,31,36,26,3,65
"Düsseldorf","2022-08-07","heinrich-heine-university-dusseldorf",1,5,6,3,4,13
"Mainz","2022-08-07","johannes-gutenberg-university-of-mainz",14,20,34,12,5,51
"Würzburg","2022-08-07","julius-maximilian-university-of-wurzburg",3,7,10,12,5,27
"Leipzig","2022-08-07","leipzig-university",1,25,26,12,3,41
"Halle-Wittenberg","2022-08-07","martin-luther-university-halle-wittenberg",6,9,15,15,2,32
"Greifswald","2022-08-07","medical-university-greifswald",0,0,0,5,2,7
"Magdeburg","2022-08-07","otto-von-guericke-university-magdeburg",0,14,14,3,7,24
"Marburg","2022-08-07","philipps-university-marburg",0,8,8,7,4,19
"Bochum","2022-08-07","ruhr-university-bochum",3,1,4,10,1,15
"Aachen","2022-08-07","rwth-aachen-university",5,24,29,10,11,50
"Homburg","2022-08-07","saarland-university",2,0,2,9,0,11
"Schleswig-Holstein","2022-08-07","schleswig-holstein-university-hospital",7,3,10,15,5,30
"TU-München","2022-08-07","technical-university-of-munich",1,43,44,13,11,68
"Rostock","2022-08-07","universitat-rostock",1,0,1,2,0,3
"Duisburg-Essen","2022-08-07","university-duisburg-essen",11,3,14,17,6,37
"Erlangen","2022-08-07","university-erlangen-nuremberg",4,25,29,26,5,60
"Tübingen","2022-08-07","university-hospital-tubingen",6,28,34,31,1,66
"Bonn","2022-08-07","university-of-bonn",5,13,18,10,1,29
"Köln","2022-08-07","university-of-cologne",3,41,44,35,3,82
"Freiburg","2022-08-07","university-of-freiburg",6,19,25,24,3,52
"Giessen","2022-08-07","university-of-giessen",0,3,3,4,3,10
"Göttingen","2022-08-07","university-of-gottingen",3,14,17,6,3,26
"Hamburg","2022-08-07","university-of-hamburg",5,20,25,29,1,55
"LMU-München","2022-08-07","university-of-munich-ludwig-maximilians",15,31,46,29,5,80
"Münster","2022-08-07","university-of-munster",3,22,25,13,1,39
"Regensburg","2022-08-07","university-of-regensburg",6,7,13,9,9,31
"Ulm","2022-08-07","university-of-ulm",8,12,20,22,4,46
"Witten/Herdecke","2022-08-07","university-of-wittenherdecke",0,0,0,5,1,6
"Mannheim","2022-09-04","central-institute-of-mental-health-in-mannheim",1,1,2,8,0,10
"Berlin","2022-09-04","charite-universitatsmedizin-berlin",7,143,150,54,6,210
"Dresden","2022-09-04","dresden-university-of-technology",4,24,28,16,5,49
"Jena","2022-09-04","friedrich-schiller-university-jena",6,5,11,9,5,25
"Frankfurt","2022-09-04","goethe-university",8,11,19,28,2,49
"Hannover","2022-09-04","hannover-medical-school",29,10,39,5,11,55
"Heidelberg","2022-09-04","heidelberg-university-hospital",6,31,37,25,3,65
"Düsseldorf","2022-09-04","heinrich-heine-university-dusseldorf",1,5,6,3,4,13
"Mainz","2022-09-04","johannes-gutenberg-university-of-mainz",14,20,34,12,5,51
"Würzburg","2022-09-04","julius-maximilian-university-of-wurzburg",2,8,10,12,5,27
"Leipzig","2022-09-04","leipzig-university",1,25,26,12,3,41
"Halle-Wittenberg","2022-09-04","martin-luther-university-halle-wittenberg",6,9,15,15,2,32
"Greifswald","2022-09-04","medical-university-greifswald",0,0,0,5,2,7
"Magdeburg","2022-09-04","otto-von-guericke-university-magdeburg",0,14,14,3,7,24
"Marburg","2022-09-04","philipps-university-marburg",1,8,9,6,4,19
"Bochum","2022-09-04","ruhr-university-bochum",3,1,4,10,1,15
"Aachen","2022-09-04","rwth-aachen-university",5,24,29,10,11,50
"Homburg","2022-09-04","saarland-university",2,0,2,9,0,11
"Schleswig-Holstein","2022-09-04","schleswig-holstein-university-hospital",7,3,10,15,5,30
"TU-München","2022-09-04","technical-university-of-munich",1,43,44,12,12,68
"Rostock","2022-09-04","universitat-rostock",1,0,1,2,0,3
"Duisburg-Essen","2022-09-04","university-duisburg-essen",10,4,14,17,6,37
"Erlangen","2022-09-04","university-erlangen-nuremberg",4,26,30,25,5,60
"Tübingen","2022-09-04","university-hospital-tubingen",4,30,34,31,1,66
"Bonn","2022-09-04","university-of-bonn",6,13,19,9,1,29
"Köln","2022-09-04","university-of-cologne",3,41,44,35,3,82
"Freiburg","2022-09-04","university-of-freiburg",6,19,25,24,3,52
"Giessen","2022-09-04","university-of-giessen",0,3,3,4,3,10
"Göttingen","2022-09-04","university-of-gottingen",3,14,17,6,3,26
"Hamburg","2022-09-04","university-of-hamburg",5,20,25,30,0,55
"LMU-München","2022-09-04","university-of-munich-ludwig-maximilians",14,32,46,30,5,81
"Münster","2022-09-04","university-of-munster",3,22,25,13,1,39
"Regensburg","2022-09-04","university-of-regensburg",6,7,13,9,9,31
"Ulm","2022-09-04","university-of-ulm",8,12,20,22,4,46
"Witten/Herdecke","2022-09-04","university-of-wittenherdecke",0,0,0,5,1,6
"Mannheim","2022-10-11","central-institute-of-mental-health-in-mannheim",1,1,2,8,0,10
"Berlin","2022-10-11","charite-universitatsmedizin-berlin",5,147,152,52,6,210
"Dresden","2022-10-11","dresden-university-of-technology",4,24,28,16,5,49
"Jena","2022-10-11","friedrich-schiller-university-jena",6,5,11,9,5,25
"Frankfurt","2022-10-11","goethe-university",6,13,19,28,2,49
"Hannover","2022-10-11","hannover-medical-school",31,13,44,5,6,55
"Heidelberg","2022-10-11","heidelberg-university-hospital",6,31,37,25,3,65
"Düsseldorf","2022-10-11","heinrich-heine-university-dusseldorf",1,5,6,3,4,13
"Mainz","2022-10-11","johannes-gutenberg-university-of-mainz",13,21,34,13,5,52
"Würzburg","2022-10-11","julius-maximilian-university-of-wurzburg",2,8,10,12,5,27
"Leipzig","2022-10-11","leipzig-university",1,25,26,12,3,41
"Halle-Wittenberg","2022-10-11","martin-luther-university-halle-wittenberg",6,9,15,15,2,32
"Greifswald","2022-10-11","medical-university-greifswald",1,0,1,4,2,7
"Magdeburg","2022-10-11","otto-von-guericke-university-magdeburg",0,14,14,3,7,24
"Marburg","2022-10-11","philipps-university-marburg",1,8,9,6,4,19
"Bochum","2022-10-11","ruhr-university-bochum",3,1,4,10,1,15
"Aachen","2022-10-11","rwth-aachen-university",5,24,29,10,11,50
"Homburg","2022-10-11","saarland-university",2,0,2,9,0,11
"Schleswig-Holstein","2022-10-11","schleswig-holstein-university-hospital",6,4,10,15,5,30
"TU-München","2022-10-11","technical-university-of-munich",1,43,44,12,12,68
"Rostock","2022-10-11","universitat-rostock",1,0,1,2,0,3
"Duisburg-Essen","2022-10-11","university-duisburg-essen",8,6,14,17,6,37
"Erlangen","2022-10-11","university-erlangen-nuremberg",4,26,30,25,5,60
"Tübingen","2022-10-11","university-hospital-tubingen",3,31,34,30,2,66
"Bonn","2022-10-11","university-of-bonn",6,13,19,9,1,29
"Köln","2022-10-11","university-of-cologne",3,41,44,35,3,82
"Freiburg","2022-10-11","university-of-freiburg",4,21,25,24,3,52
"Giessen","2022-10-11","university-of-giessen",0,3,3,4,3,10
"Göttingen","2022-10-11","university-of-gottingen",3,14,17,6,3,26
"Hamburg","2022-10-11","university-of-hamburg",3,22,25,30,0,55
"LMU-München","2022-10-11","university-of-munich-ludwig-maximilians",14,32,46,30,5,81
"Münster","2022-10-11","university-of-munster",3,22,25,13,1,39
"Regensburg","2022-10-11","university-of-regensburg",5,8,13,10,8,31
"Ulm","2022-10-11","university-of-ulm",9,13,22,20,4,46
"Witten/Herdecke","2022-10-11","university-of-wittenherdecke",0,0,0,5,1,6
"Mannheim","2022-11-07","central-institute-of-mental-health-in-mannheim",1,1,2,8,0,10
"Berlin","2022-11-07","charite-universitatsmedizin-berlin",8,148,156,48,6,210
"Dresden","2022-11-07","dresden-university-of-technology",4,24,28,16,5,49
"Jena","2022-11-07","friedrich-schiller-university-jena",6,5,11,9,5,25
"Frankfurt","2022-11-07","goethe-university",6,13,19,28,2,49
"Hannover","2022-11-07","hannover-medical-school",31,13,44,5,6,55
"Heidelberg","2022-11-07","heidelberg-university-hospital",6,31,37,25,3,65
"Düsseldorf","2022-11-07","heinrich-heine-university-dusseldorf",1,5,6,3,4,13
"Mainz","2022-11-07","johannes-gutenberg-university-of-mainz",13,21,34,13,5,52
"Würzburg","2022-11-07","julius-maximilian-university-of-wurzburg",2,8,10,12,5,27
"Leipzig","2022-11-07","leipzig-university",1,25,26,12,3,41
"Halle-Wittenberg","2022-11-07","martin-luther-university-halle-wittenberg",6,9,15,16,2,33
"Greifswald","2022-11-07","medical-university-greifswald",1,0,1,4,2,7
"Magdeburg","2022-11-07","otto-von-guericke-university-magdeburg",0,14,14,3,7,24
"Marburg","2022-11-07","philipps-university-marburg",1,8,9,6,4,19
"Bochum","2022-11-07","ruhr-university-bochum",3,1,4,10,1,15
"Aachen","2022-11-07","rwth-aachen-university",3,26,29,10,11,50
"Homburg","2022-11-07","saarland-university",3,0,3,8,0,11
"Schleswig-Holstein","2022-11-07","schleswig-holstein-university-hospital",6,4,10,15,5,30
"TU-München","2022-11-07","technical-university-of-munich",1,44,45,11,12,68
"Rostock","2022-11-07","universitat-rostock",1,0,1,2,0,3
"Duisburg-Essen","2022-11-07","university-duisburg-essen",8,6,14,17,6,37
"Erlangen","2022-11-07","university-erlangen-nuremberg",4,26,30,26,5,61
"Tübingen","2022-11-07","university-hospital-tubingen",4,31,35,28,3,66
"Bonn","2022-11-07","university-of-bonn",5,14,19,9,1,29
"Köln","2022-11-07","university-of-cologne",1,43,44,36,2,82
"Freiburg","2022-11-07","university-of-freiburg",4,21,25,24,3,52
"Giessen","2022-11-07","university-of-giessen",0,3,3,4,3,10
"Göttingen","2022-11-07","university-of-gottingen",3,14,17,6,3,26
"Hamburg","2022-11-07","university-of-hamburg",0,25,25,30,0,55
"LMU-München","2022-11-07","university-of-munich-ludwig-maximilians",13,33,46,30,5,81
"Münster","2022-11-07","university-of-munster",3,22,25,13,1,39
"Regensburg","2022-11-07","university-of-regensburg",3,10,13,10,8,31
"Ulm","2022-11-07","university-of-ulm",9,13,22,20,4,46
"Witten/Herdecke","2022-11-07","university-of-wittenherdecke",0,0,0,5,1,6
"Mannheim","2022-12-13","central-institute-of-mental-health-in-mannheim",1,1,2,8,0,10
"Berlin","2022-12-13","charite-universitatsmedizin-berlin",6,150,156,48,6,210
"Dresden","2022-12-13","dresden-university-of-technology",4,24,28,16,5,49
"Jena","2022-12-13","friedrich-schiller-university-jena",6,5,11,9,5,25
"Frankfurt","2022-12-13","goethe-university",6,13,19,28,2,49
"Hannover","2022-12-13","hannover-medical-school",31,13,44,5,6,55
"Heidelberg","2022-12-13","heidelberg-university-hospital",6,31,37,25,3,65
"Düsseldorf","2022-12-13","heinrich-heine-university-dusseldorf",2,5,7,2,4,13
"Mainz","2022-12-13","johannes-gutenberg-university-of-mainz",13,21,34,13,5,52
"Würzburg","2022-12-13","julius-maximilian-university-of-wurzburg",1,9,10,12,5,27
"Leipzig","2022-12-13","leipzig-university",1,25,26,12,3,41
"Halle-Wittenberg","2022-12-13","martin-luther-university-halle-wittenberg",6,9,15,16,2,33
"Greifswald","2022-12-13","medical-university-greifswald",1,0,1,4,2,7
"Magdeburg","2022-12-13","otto-von-guericke-university-magdeburg",0,14,14,3,7,24
"Marburg","2022-12-13","philipps-university-marburg",1,8,9,6,4,19
"Bochum","2022-12-13","ruhr-university-bochum",3,1,4,10,1,15
"Aachen","2022-12-13","rwth-aachen-university",3,26,29,10,11,50
"Homburg","2022-12-13","saarland-university",3,0,3,8,0,11
"Schleswig-Holstein","2022-12-13","schleswig-holstein-university-hospital",6,4,10,15,5,30
"TU-München","2022-12-13","technical-university-of-munich",2,44,46,10,12,68
"Rostock","2022-12-13","universitat-rostock",1,0,1,2,0,3
"Duisburg-Essen","2022-12-13","university-duisburg-essen",8,6,14,17,6,37
"Erlangen","2022-12-13","university-erlangen-nuremberg",4,26,30,26,5,61
"Tübingen","2022-12-13","university-hospital-tubingen",5,31,36,27,3,66
"Bonn","2022-12-13","university-of-bonn",5,14,19,9,1,29
"Köln","2022-12-13","university-of-cologne",1,43,44,36,2,82
"Freiburg","2022-12-13","university-of-freiburg",4,21,25,24,3,52
"Giessen","2022-12-13","university-of-giessen",0,3,3,4,3,10
"Göttingen","2022-12-13","university-of-gottingen",3,14,17,6,3,26
"Hamburg","2022-12-13","university-of-hamburg",0,25,25,30,0,55
"LMU-München","2022-12-13","university-of-munich-ludwig-maximilians",14,33,47,29,5,81
"Münster","2022-12-13","university-of-munster",3,22,25,13,1,39
"Regensburg","2022-12-13","university-of-regensburg",3,10,13,10,8,31
"Ulm","2022-12-13","university-of-ulm",9,13,22,20,4,46
"Witten/Herdecke","2022-12-13","university-of-wittenherdecke",0,0,0,5,1,6
"Mannheim","2023-01-17","central-institute-of-mental-health-in-mannheim",1,1,2,8,0,10
"Berlin","2023-01-17","charite-universitatsmedizin-berlin",5,154,159,44,6,209
"Dresden","2023-01-17","dresden-university-of-technology",4,24,28,16,5,49
"Jena","2023-01-17","friedrich-schiller-university-jena",7,5,12,8,5,25
"Frankfurt","2023-01-17","goethe-university",6,13,19,28,2,49
"Hannover","2023-01-17","hannover-medical-school",32,13,45,6,6,57
"Heidelberg","2023-01-17","heidelberg-university-hospital",4,33,37,26,3,66
"Düsseldorf","2023-01-17","heinrich-heine-university-dusseldorf",2,5,7,2,4,13
"Mainz","2023-01-17","johannes-gutenberg-university-of-mainz",11,23,34,13,5,52
"Würzburg","2023-01-17","julius-maximilian-university-of-wurzburg",1,9,10,13,5,28
"Leipzig","2023-01-17","leipzig-university",1,25,26,12,3,41
"Halle-Wittenberg","2023-01-17","martin-luther-university-halle-wittenberg",6,9,15,16,2,33
"Greifswald","2023-01-17","medical-university-greifswald",1,0,1,4,2,7
"Magdeburg","2023-01-17","otto-von-guericke-university-magdeburg",0,14,14,3,7,24
"Marburg","2023-01-17","philipps-university-marburg",1,8,9,6,4,19
"Bochum","2023-01-17","ruhr-university-bochum",3,1,4,10,1,15
"Aachen","2023-01-17","rwth-aachen-university",3,26,29,8,13,50
"Homburg","2023-01-17","saarland-university",3,0,3,8,0,11
"Schleswig-Holstein","2023-01-17","schleswig-holstein-university-hospital",6,4,10,15,5,30
"TU-München","2023-01-17","technical-university-of-munich",1,45,46,10,12,68
"Rostock","2023-01-17","universitat-rostock",1,0,1,2,0,3
"Duisburg-Essen","2023-01-17","university-duisburg-essen",8,6,14,17,6,37
"Erlangen","2023-01-17","university-erlangen-nuremberg",4,26,30,27,5,62
"Tübingen","2023-01-17","university-hospital-tubingen",4,33,37,27,4,68
"Bonn","2023-01-17","university-of-bonn",5,14,19,9,1,29
"Köln","2023-01-17","university-of-cologne",1,43,44,36,2,82
"Freiburg","2023-01-17","university-of-freiburg",4,21,25,24,3,52
"Giessen","2023-01-17","university-of-giessen",0,3,3,4,3,10
"Göttingen","2023-01-17","university-of-gottingen",3,14,17,6,3,26
"Hamburg","2023-01-17","university-of-hamburg",0,25,25,30,0,55
"LMU-München","2023-01-17","university-of-munich-ludwig-maximilians",11,36,47,28,6,81
"Münster","2023-01-17","university-of-munster",3,22,25,13,1,39
"Regensburg","2023-01-17","university-of-regensburg",2,11,13,10,8,31
"Ulm","2023-01-17","university-of-ulm",9,13,22,20,4,46
"Witten/Herdecke","2023-01-17","university-of-wittenherdecke",0,0,0,5,1,6
"Mannheim","2023-02-17","central-institute-of-mental-health-in-mannheim",1,1,2,8,0,10
"Berlin","2023-02-17","charite-universitatsmedizin-berlin",6,155,161,42,6,209
"Dresden","2023-02-17","dresden-university-of-technology",4,24,28,16,5,49
"Jena","2023-02-17","friedrich-schiller-university-jena",7,5,12,8,5,25
"Frankfurt","2023-02-17","goethe-university",6,13,19,28,2,49
"Hannover","2023-02-17","hannover-medical-school",32,13,45,6,6,57
"Heidelberg","2023-02-17","heidelberg-university-hospital",3,34,37,27,3,67
"Düsseldorf","2023-02-17","heinrich-heine-university-dusseldorf",2,5,7,2,4,13
"Mainz","2023-02-17","johannes-gutenberg-university-of-mainz",11,24,35,12,5,52
"Würzburg","2023-02-17","julius-maximilian-university-of-wurzburg",1,9,10,13,5,28
"Leipzig","2023-02-17","leipzig-university",1,25,26,11,4,41
"Halle-Wittenberg","2023-02-17","martin-luther-university-halle-wittenberg",6,9,15,16,2,33
"Greifswald","2023-02-17","medical-university-greifswald",1,0,1,4,2,7
"Magdeburg","2023-02-17","otto-von-guericke-university-magdeburg",0,14,14,3,7,24
"Marburg","2023-02-17","philipps-university-marburg",1,8,9,6,4,19
"Bochum","2023-02-17","ruhr-university-bochum",3,1,4,10,1,15
"Aachen","2023-02-17","rwth-aachen-university",3,26,29,8,13,50
"Homburg","2023-02-17","saarland-university",3,0,3,8,0,11
"Schleswig-Holstein","2023-02-17","schleswig-holstein-university-hospital",6,4,10,15,5,30
"TU-München","2023-02-17","technical-university-of-munich",1,45,46,10,12,68
"Rostock","2023-02-17","universitat-rostock",1,0,1,2,0,3
"Duisburg-Essen","2023-02-17","university-duisburg-essen",7,7,14,17,6,37
"Erlangen","2023-02-17","university-erlangen-nuremberg",4,26,30,27,5,62
"Tübingen","2023-02-17","university-hospital-tubingen",4,33,37,27,4,68
"Bonn","2023-02-17","university-of-bonn",5,14,19,9,1,29
"Köln","2023-02-17","university-of-cologne",2,43,45,35,2,82
"Freiburg","2023-02-17","university-of-freiburg",3,23,26,23,3,52
"Giessen","2023-02-17","university-of-giessen",0,3,3,4,3,10
"Göttingen","2023-02-17","university-of-gottingen",3,14,17,6,3,26
"Hamburg","2023-02-17","university-of-hamburg",0,26,26,29,0,55
"LMU-München","2023-02-17","university-of-munich-ludwig-maximilians",10,37,47,28,7,82
"Münster","2023-02-17","university-of-munster",3,22,25,13,1,39
"Regensburg","2023-02-17","university-of-regensburg",2,11,13,10,8,31
"Ulm","2023-02-17","university-of-ulm",9,13,22,20,4,46
"Witten/Herdecke","2023-02-17","university-of-wittenherdecke",0,0,0,5,1,6
"Mannheim","2023-03-06","central-institute-of-mental-health-in-mannheim",1,1,2,8,0,10
"Berlin","2023-03-06","charite-universitatsmedizin-berlin",6,155,161,43,6,210
"Dresden","2023-03-06","dresden-university-of-technology",4,24,28,16,5,49
"Jena","2023-03-06","friedrich-schiller-university-jena",7,5,12,8,5,25
"Frankfurt","2023-03-06","goethe-university",6,13,19,28,2,49
"Hannover","2023-03-06","hannover-medical-school",32,13,45,6,6,57
"Heidelberg","2023-03-06","heidelberg-university-hospital",3,34,37,28,3,68
"Düsseldorf","2023-03-06","heinrich-heine-university-dusseldorf",2,5,7,3,4,14
"Mainz","2023-03-06","johannes-gutenberg-university-of-mainz",11,24,35,13,5,53
"Würzburg","2023-03-06","julius-maximilian-university-of-wurzburg",1,9,10,14,5,29
"Leipzig","2023-03-06","leipzig-university",1,25,26,11,4,41
"Halle-Wittenberg","2023-03-06","martin-luther-university-halle-wittenberg",6,9,15,16,2,33
"Greifswald","2023-03-06","medical-university-greifswald",1,0,1,4,2,7
"Magdeburg","2023-03-06","otto-von-guericke-university-magdeburg",0,14,14,3,7,24
"Marburg","2023-03-06","philipps-university-marburg",1,8,9,6,4,19
"Bochum","2023-03-06","ruhr-university-bochum",3,1,4,10,1,15
"Aachen","2023-03-06","rwth-aachen-university",3,26,29,8,13,50
"Homburg","2023-03-06","saarland-university",3,0,3,8,0,11
"Schleswig-Holstein","2023-03-06","schleswig-holstein-university-hospital",6,4,10,15,5,30
"TU-München","2023-03-06","technical-university-of-munich",1,45,46,10,12,68
"Rostock","2023-03-06","universitat-rostock",1,0,1,2,0,3
"Duisburg-Essen","2023-03-06","university-duisburg-essen",7,7,14,17,6,37
"Erlangen","2023-03-06","university-erlangen-nuremberg",4,26,30,27,5,62
"Tübingen","2023-03-06","university-hospital-tubingen",4,33,37,28,4,69
"Bonn","2023-03-06","university-of-bonn",5,14,19,8,2,29
"Köln","2023-03-06","university-of-cologne",2,43,45,36,1,82
"Freiburg","2023-03-06","university-of-freiburg",3,23,26,23,3,52
"Giessen","2023-03-06","university-of-giessen",0,3,3,4,3,10
"Göttingen","2023-03-06","university-of-gottingen",3,14,17,6,3,26
"Hamburg","2023-03-06","university-of-hamburg",0,26,26,29,0,55
"LMU-München","2023-03-06","university-of-munich-ludwig-maximilians",10,37,47,29,6,82
"Münster","2023-03-06","university-of-munster",3,22,25,13,1,39
"Regensburg","2023-03-06","university-of-regensburg",2,11,13,11,8,32
"Ulm","2023-03-06","university-of-ulm",9,14,23,19,4,46
"Witten/Herdecke","2023-03-06","university-of-wittenherdecke",0,0,0,5,1,6
"Mannheim","2023-04-12","central-institute-of-mental-health-in-mannheim",1,1,2,8,0,10
"Berlin","2023-04-12","charite-universitatsmedizin-berlin",5,156,161,45,6,212
"Dresden","2023-04-12","dresden-university-of-technology",3,25,28,16,5,49
"Jena","2023-04-12","friedrich-schiller-university-jena",7,5,12,8,5,25
"Frankfurt","2023-04-12","goethe-university",6,13,19,29,2,50
"Hannover","2023-04-12","hannover-medical-school",31,14,45,6,6,57
"Heidelberg","2023-04-12","heidelberg-university-hospital",3,34,37,28,3,68
"Düsseldorf","2023-04-12","heinrich-heine-university-dusseldorf",2,5,7,3,4,14
"Mainz","2023-04-12","johannes-gutenberg-university-of-mainz",10,25,35,13,5,53
"Würzburg","2023-04-12","julius-maximilian-university-of-wurzburg",1,9,10,14,5,29
"Leipzig","2023-04-12","leipzig-university",1,25,26,11,4,41
"Halle-Wittenberg","2023-04-12","martin-luther-university-halle-wittenberg",6,9,15,16,2,33
"Greifswald","2023-04-12","medical-university-greifswald",2,0,2,3,2,7
"Magdeburg","2023-04-12","otto-von-guericke-university-magdeburg",0,14,14,3,7,24
"Marburg","2023-04-12","philipps-university-marburg",1,8,9,5,5,19
"Bochum","2023-04-12","ruhr-university-bochum",3,1,4,10,1,15
"Aachen","2023-04-12","rwth-aachen-university",3,26,29,8,13,50
"Homburg","2023-04-12","saarland-university",3,0,3,8,0,11
"Schleswig-Holstein","2023-04-12","schleswig-holstein-university-hospital",6,4,10,15,5,30
"TU-München","2023-04-12","technical-university-of-munich",1,45,46,11,12,69
"Rostock","2023-04-12","universitat-rostock",1,0,1,2,0,3
"Duisburg-Essen","2023-04-12","university-duisburg-essen",7,7,14,17,6,37
"Erlangen","2023-04-12","university-erlangen-nuremberg",5,26,31,26,5,62
"Tübingen","2023-04-12","university-hospital-tubingen",3,34,37,28,4,69
"Bonn","2023-04-12","university-of-bonn",5,14,19,8,2,29
"Köln","2023-04-12","university-of-cologne",2,44,46,35,1,82
"Freiburg","2023-04-12","university-of-freiburg",3,23,26,23,3,52
"Giessen","2023-04-12","university-of-giessen",0,3,3,4,3,10
"Göttingen","2023-04-12","university-of-gottingen",3,14,17,6,3,26
"Hamburg","2023-04-12","university-of-hamburg",0,27,27,28,0,55
"LMU-München","2023-04-12","university-of-munich-ludwig-maximilians",11,37,48,28,6,82
"Münster","2023-04-12","university-of-munster",3,22,25,13,1,39
"Regensburg","2023-04-12","university-of-regensburg",2,11,13,11,8,32
"Ulm","2023-04-12","university-of-ulm",9,14,23,19,4,46
"Witten/Herdecke","2023-04-12","university-of-wittenherdecke",0,0,0,5,1,6
"Mannheim","2023-05-18","central-institute-of-mental-health-in-mannheim",1,1,2,8,0,10
"Berlin","2023-05-18","charite-universitatsmedizin-berlin",5,156,161,46,6,213
"Dresden","2023-05-18","dresden-university-of-technology",3,25,28,16,5,49
"Jena","2023-05-18","friedrich-schiller-university-jena",7,5,12,8,5,25
"Frankfurt","2023-05-18","goethe-university",6,13,19,29,2,50
"Hannover","2023-05-18","hannover-medical-school",31,14,45,6,6,57
"Heidelberg","2023-05-18","heidelberg-university-hospital",4,34,38,27,3,68
"Düsseldorf","2023-05-18","heinrich-heine-university-dusseldorf",2,5,7,3,4,14
"Mainz","2023-05-18","johannes-gutenberg-university-of-mainz",10,25,35,13,5,53
"Würzburg","2023-05-18","julius-maximilian-university-of-wurzburg",1,9,10,14,5,29
"Leipzig","2023-05-18","leipzig-university",1,25,26,11,4,41
"Halle-Wittenberg","2023-05-18","martin-luther-university-halle-wittenberg",6,9,15,16,2,33
"Greifswald","2023-05-18","medical-university-greifswald",2,0,2,3,2,7
"Magdeburg","2023-05-18","otto-von-guericke-university-magdeburg",0,15,15,2,7,24
"Marburg","2023-05-18","philipps-university-marburg",1,8,9,5,5,19
"Bochum","2023-05-18","ruhr-university-bochum",3,1,4,10,1,15
"Aachen","2023-05-18","rwth-aachen-university",3,26,29,8,13,50
"Homburg","2023-05-18","saarland-university",3,0,3,8,0,11
"Schleswig-Holstein","2023-05-18","schleswig-holstein-university-hospital",6,4,10,16,5,31
"TU-München","2023-05-18","technical-university-of-munich",0,46,46,11,12,69
"Rostock","2023-05-18","universitat-rostock",1,0,1,2,0,3
"Duisburg-Essen","2023-05-18","university-duisburg-essen",7,7,14,17,6,37
"Erlangen","2023-05-18","university-erlangen-nuremberg",6,26,32,26,5,63
"Tübingen","2023-05-18","university-hospital-tubingen",3,34,37,28,4,69
"Bonn","2023-05-18","university-of-bonn",5,14,19,8,2,29
"Köln","2023-05-18","university-of-cologne",3,45,48,33,1,82
"Freiburg","2023-05-18","university-of-freiburg",3,23,26,24,3,53
"Giessen","2023-05-18","university-of-giessen",0,3,3,4,3,10
"Göttingen","2023-05-18","university-of-gottingen",3,14,17,6,3,26
"Hamburg","2023-05-18","university-of-hamburg",1,27,28,28,0,56
"LMU-München","2023-05-18","university-of-munich-ludwig-maximilians",11,37,48,28,6,82
"Münster","2023-05-18","university-of-munster",3,22,25,13,1,39
"Regensburg","2023-05-18","university-of-regensburg",2,11,13,11,8,32
"Ulm","2023-05-18","university-of-ulm",10,14,24,18,4,46
"Witten/Herdecke","2023-05-18","university-of-wittenherdecke",1,0,1,4,1,6
"Mannheim","2023-06-20","central-institute-of-mental-health-in-mannheim",1,1,2,8,0,10
"Berlin","2023-06-20","charite-universitatsmedizin-berlin",3,158,161,46,6,213
"Dresden","2023-06-20","dresden-university-of-technology",4,25,29,15,5,49
"Jena","2023-06-20","friedrich-schiller-university-jena",7,5,12,9,5,26
"Frankfurt","2023-06-20","goethe-university",6,13,19,29,2,50
"Hannover","2023-06-20","hannover-medical-school",21,24,45,7,6,58
"Heidelberg","2023-06-20","heidelberg-university-hospital",4,34,38,28,2,68
"Düsseldorf","2023-06-20","heinrich-heine-university-dusseldorf",2,5,7,3,4,14
"Mainz","2023-06-20","johannes-gutenberg-university-of-mainz",11,25,36,12,5,53
"Würzburg","2023-06-20","julius-maximilian-university-of-wurzburg",1,9,10,14,5,29
"Leipzig","2023-06-20","leipzig-university",1,25,26,11,4,41
"Halle-Wittenberg","2023-06-20","martin-luther-university-halle-wittenberg",6,9,15,16,2,33
"Greifswald","2023-06-20","medical-university-greifswald",2,0,2,3,2,7
"Magdeburg","2023-06-20","otto-von-guericke-university-magdeburg",0,15,15,2,7,24
"Marburg","2023-06-20","philipps-university-marburg",1,8,9,5,5,19
"Bochum","2023-06-20","ruhr-university-bochum",3,1,4,10,1,15
"Aachen","2023-06-20","rwth-aachen-university",3,26,29,8,13,50
"Homburg","2023-06-20","saarland-university",3,0,3,8,0,11
"Schleswig-Holstein","2023-06-20","schleswig-holstein-university-hospital",6,4,10,16,5,31
"TU-München","2023-06-20","technical-university-of-munich",0,46,46,11,12,69
"Rostock","2023-06-20","universitat-rostock",1,0,1,2,0,3
"Duisburg-Essen","2023-06-20","university-duisburg-essen",7,7,14,18,6,38
"Erlangen","2023-06-20","university-erlangen-nuremberg",6,26,32,27,5,64
"Tübingen","2023-06-20","university-hospital-tubingen",2,35,37,28,4,69
"Bonn","2023-06-20","university-of-bonn",5,14,19,8,2,29
"Köln","2023-06-20","university-of-cologne",3,45,48,33,1,82
"Freiburg","2023-06-20","university-of-freiburg",3,23,26,24,3,53
"Giessen","2023-06-20","university-of-giessen",0,3,3,4,3,10
"Göttingen","2023-06-20","university-of-gottingen",3,14,17,6,3,26
"Hamburg","2023-06-20","university-of-hamburg",0,28,28,28,0,56
"LMU-München","2023-06-20","university-of-munich-ludwig-maximilians",11,37,48,28,6,82
"Münster","2023-06-20","university-of-munster",3,22,25,13,1,39
"Regensburg","2023-06-20","university-of-regensburg",3,11,14,10,8,32
"Ulm","2023-06-20","university-of-ulm",10,14,24,18,4,46
"Witten/Herdecke","2023-06-20","university-of-wittenherdecke",1,0,1,4,1,6
"Mannheim","2023-07-11","central-institute-of-mental-health-in-mannheim",1,1,2,8,0,10
"Berlin","2023-07-11","charite-universitatsmedizin-berlin",2,159,161,44,8,213
"Dresden","2023-07-11","dresden-university-of-technology",4,25,29,16,5,50
"Jena","2023-07-11","friedrich-schiller-university-jena",7,5,12,9,5,26
"Frankfurt","2023-07-11","goethe-university",6,13,19,31,2,52
"Hannover","2023-07-11","hannover-medical-school",20,25,45,7,6,58
"Heidelberg","2023-07-11","heidelberg-university-hospital",3,35,38,28,2,68
"Düsseldorf","2023-07-11","heinrich-heine-university-dusseldorf",2,5,7,3,4,14
"Mainz","2023-07-11","johannes-gutenberg-university-of-mainz",10,26,36,12,5,53
"Würzburg","2023-07-11","julius-maximilian-university-of-wurzburg",1,9,10,14,5,29
"Leipzig","2023-07-11","leipzig-university",1,25,26,11,4,41
"Halle-Wittenberg","2023-07-11","martin-luther-university-halle-wittenberg",7,9,16,15,2,33
"Greifswald","2023-07-11","medical-university-greifswald",2,0,2,3,2,7
"Magdeburg","2023-07-11","otto-von-guericke-university-magdeburg",0,16,16,1,7,24
"Marburg","2023-07-11","philipps-university-marburg",1,8,9,5,5,19
"Bochum","2023-07-11","ruhr-university-bochum",3,1,4,10,1,15
"Aachen","2023-07-11","rwth-aachen-university",3,26,29,8,13,50
"Homburg","2023-07-11","saarland-university",3,0,3,9,0,12
"Schleswig-Holstein","2023-07-11","schleswig-holstein-university-hospital",7,4,11,15,5,31
"TU-München","2023-07-11","technical-university-of-munich",0,46,46,11,12,69
"Rostock","2023-07-11","universitat-rostock",1,0,1,2,0,3
"Duisburg-Essen","2023-07-11","university-duisburg-essen",7,7,14,18,6,38
"Erlangen","2023-07-11","university-erlangen-nuremberg",6,26,32,27,5,64
"Tübingen","2023-07-11","university-hospital-tubingen",1,36,37,28,5,70
"Bonn","2023-07-11","university-of-bonn",5,14,19,8,2,29
"Köln","2023-07-11","university-of-cologne",3,45,48,33,1,82
"Freiburg","2023-07-11","university-of-freiburg",4,23,27,23,3,53
"Giessen","2023-07-11","university-of-giessen",0,3,3,4,3,10
"Göttingen","2023-07-11","university-of-gottingen",3,14,17,7,3,27
"Hamburg","2023-07-11","university-of-hamburg",0,28,28,28,0,56
"LMU-München","2023-07-11","university-of-munich-ludwig-maximilians",11,37,48,30,6,84
"Münster","2023-07-11","university-of-munster",3,22,25,13,1,39
"Regensburg","2023-07-11","university-of-regensburg",3,11,14,10,8,32
"Ulm","2023-07-11","university-of-ulm",10,14,24,18,4,46
"Witten/Herdecke","2023-07-11","university-of-wittenherdecke",1,0,1,4,1,6
"Mannheim","2023-08-07","central-institute-of-mental-health-in-mannheim",1,1,2,8,0,10
"Berlin","2023-08-07","charite-universitatsmedizin-berlin",0,161,161,44,8,213
"Dresden","2023-08-07","dresden-university-of-technology",4,25,29,16,5,50
"Jena","2023-08-07","friedrich-schiller-university-jena",7,5,12,9,5,26
"Frankfurt","2023-08-07","goethe-university",6,13,19,31,2,52
"Hannover","2023-08-07","hannover-medical-school",15,30,45,7,6,58
"Heidelberg","2023-08-07","heidelberg-university-hospital",3,35,38,28,2,68
"Düsseldorf","2023-08-07","heinrich-heine-university-dusseldorf",2,5,7,3,4,14
"Mainz","2023-08-07","johannes-gutenberg-university-of-mainz",10,26,36,12,5,53
"Würzburg","2023-08-07","julius-maximilian-university-of-wurzburg",1,9,10,14,5,29
"Leipzig","2023-08-07","leipzig-university",1,25,26,11,4,41
"Halle-Wittenberg","2023-08-07","martin-luther-university-halle-wittenberg",7,9,16,15,2,33
"Greifswald","2023-08-07","medical-university-greifswald",2,0,2,3,2,7
"Magdeburg","2023-08-07","otto-von-guericke-university-magdeburg",0,16,16,1,7,24
"Marburg","2023-08-07","philipps-university-marburg",1,8,9,6,5,20
"Bochum","2023-08-07","ruhr-university-bochum",3,1,4,10,1,15
"Aachen","2023-08-07","rwth-aachen-university",3,26,29,8,13,50
"Homburg","2023-08-07","saarland-university",3,0,3,9,0,12
"Schleswig-Holstein","2023-08-07","schleswig-holstein-university-hospital",7,4,11,15,5,31
"TU-München","2023-08-07","technical-university-of-munich",0,46,46,12,12,70
"Rostock","2023-08-07","universitat-rostock",1,0,1,2,0,3
"Duisburg-Essen","2023-08-07","university-duisburg-essen",7,7,14,19,6,39
"Erlangen","2023-08-07","university-erlangen-nuremberg",7,26,33,26,5,64
"Tübingen","2023-08-07","university-hospital-tubingen",1,36,37,29,5,71
"Bonn","2023-08-07","university-of-bonn",5,14,19,8,2,29
"Köln","2023-08-07","university-of-cologne",1,47,48,33,1,82
"Freiburg","2023-08-07","university-of-freiburg",4,23,27,23,3,53
"Giessen","2023-08-07","university-of-giessen",0,3,3,3,4,10
"Göttingen","2023-08-07","university-of-gottingen",3,14,17,7,3,27
"Hamburg","2023-08-07","university-of-hamburg",0,28,28,28,0,56
"LMU-München","2023-08-07","university-of-munich-ludwig-maximilians",11,37,48,30,6,84
"Münster","2023-08-07","university-of-munster",3,22,25,13,1,39
"Regensburg","2023-08-07","university-of-regensburg",3,11,14,10,8,32
"Ulm","2023-08-07","university-of-ulm",10,14,24,18,4,46
"Witten/Herdecke","2023-08-07","university-of-wittenherdecke",1,0,1,4,1,6
"Mannheim","2023-09-07","central-institute-of-mental-health-in-mannheim",1,1,2,8,0,10
"Berlin","2023-09-07","charite-universitatsmedizin-berlin",0,161,161,45,8,214
"Dresden","2023-09-07","dresden-university-of-technology",4,25,29,16,5,50
"Jena","2023-09-07","friedrich-schiller-university-jena",8,5,13,8,5,26
"Frankfurt","2023-09-07","goethe-university",6,13,19,31,2,52
"Hannover","2023-09-07","hannover-medical-school",16,30,46,7,5,58
"Heidelberg","2023-09-07","heidelberg-university-hospital",3,35,38,28,2,68
"Düsseldorf","2023-09-07","heinrich-heine-university-dusseldorf",2,5,7,3,4,14
"Mainz","2023-09-07","johannes-gutenberg-university-of-mainz",10,26,36,12,5,53
"Würzburg","2023-09-07","julius-maximilian-university-of-wurzburg",1,9,10,14,5,29
"Leipzig","2023-09-07","leipzig-university",1,25,26,11,4,41
"Halle-Wittenberg","2023-09-07","martin-luther-university-halle-wittenberg",7,9,16,15,2,33
"Greifswald","2023-09-07","medical-university-greifswald",2,0,2,3,2,7
"Magdeburg","2023-09-07","otto-von-guericke-university-magdeburg",0,16,16,1,7,24
"Marburg","2023-09-07","philipps-university-marburg",1,8,9,6,5,20
"Bochum","2023-09-07","ruhr-university-bochum",3,1,4,10,1,15
"Aachen","2023-09-07","rwth-aachen-university",3,26,29,8,13,50
"Homburg","2023-09-07","saarland-university",3,0,3,9,0,12
"Schleswig-Holstein","2023-09-07","schleswig-holstein-university-hospital",7,4,11,15,5,31
"TU-München","2023-09-07","technical-university-of-munich",0,46,46,12,12,70
"Rostock","2023-09-07","universitat-rostock",1,0,1,2,0,3
"Duisburg-Essen","2023-09-07","university-duisburg-essen",7,7,14,19,6,39
"Erlangen","2023-09-07","university-erlangen-nuremberg",7,26,33,26,5,64
"Tübingen","2023-09-07","university-hospital-tubingen",3,36,39,29,3,71
"Bonn","2023-09-07","university-of-bonn",5,14,19,8,2,29
"Köln","2023-09-07","university-of-cologne",1,49,50,31,1,82
"Freiburg","2023-09-07","university-of-freiburg",4,23,27,23,3,53
"Giessen","2023-09-07","university-of-giessen",0,3,3,4,4,11
"Göttingen","2023-09-07","university-of-gottingen",3,14,17,7,3,27
"Hamburg","2023-09-07","university-of-hamburg",0,28,28,28,0,56
"LMU-München","2023-09-07","university-of-munich-ludwig-maximilians",11,37,48,30,6,84
"Münster","2023-09-07","university-of-munster",3,22,25,13,1,39
"Regensburg","2023-09-07","university-of-regensburg",3,11,14,10,8,32
"Ulm","2023-09-07","university-of-ulm",10,14,24,18,4,46
"Witten/Herdecke","2023-09-07","university-of-wittenherdecke",1,0,1,4,1,6
